0 1 60
0.997617506143 0.055711807280 -0.040687909345 -0.112961737443
-0.055419952172 0.998428909141 0.008266939691 -0.026552401647
0.041084551093 -0.005992321768 0.999137704094 0.131706413332
0.000000000000 0.000000000000 0.000000000000 1.000000000000
0 2 60
0.958173852725 0.115873498721 -0.261679575527 -0.355677236191
-0.103010295911 0.992721188213 0.062398088182 -0.183693066634
0.267005143940 -0.032832526048 0.963135648984 0.374006778849
0.000000000000 0.000000000000 0.000000000000 1.000000000000
0 3 60
0.937041260356 0.103839142853 -0.333423317725 -0.303932416383
-0.131456777160 0.989424690783 -0.061301688448 -0.526967412520
0.323531748256 0.101272966184 0.940782118341 0.614694626939
0.000000000000 0.000000000000 0.000000000000 1.000000000000
0 4 60
0.976204309253 -0.092794028222 0.195995956393 -0.132260123331
0.108195753534 0.991706166171 -0.069372609119 -0.471045290386
-0.187933034652 0.088927770158 0.978147752735 0.512949739496
0.000000000000 0.000000000000 0.000000000000 1.000000000000
0 5 60
0.937602951494 -0.204999905343 0.280848258245 0.038158574130
0.239253110108 0.966465606575 -0.093285479107 -0.233549314302
-0.252306667873 0.154658559795 0.955207870167 0.329658497278
0.000000000000 0.000000000000 0.000000000000 1.000000000000
0 6 60
0.949111936034 -0.162466353480 0.269798474543 0.332910318149
0.183225953807 0.981616382522 -0.053455845479 -0.012030129051
-0.256153826303 0.100169663829 0.961431877836 0.299865952494
0.000000000000 0.000000000000 0.000000000000 1.000000000000
0 7 60
0.967029055473 -0.155565017513 0.201629192325 0.680332755639
0.168811528477 0.984371661866 -0.050150764391 0.171628840732
-0.190676358589 0.082534578462 0.978177166792 0.084837773318
0.000000000000 0.000000000000 0.000000000000 1.000000000000
0 8 60
1.000000000000 0.000000000000 0.000000000000 0.000000000000
0.000000000000 1.000000000000 0.000000000000 0.000000000000
0.000000000000 0.000000000000 1.000000000000 0.000000000000
0.000000000000 0.000000000000 0.000000000000 1.000000000000
0 9 60
0.948332183089 -0.021462789583 0.316552395633 1.038868934925
0.033630884328 0.998888520761 -0.033025546355 -0.061245705248
-0.315491733865 0.041965125474 0.947999944149 0.016390263052
0.000000000000 0.000000000000 0.000000000000 1.000000000000
0 10 60
0.999698389021 -0.024379004944 -0.002965654456 0.690049325192
0.024154613376 0.997869463214 -0.060606014870 -0.172610523466
0.004436850357 0.060516101193 0.998157360267 0.175707242638
0.000000000000 0.000000000000 0.000000000000 1.000000000000
0 11 60
0.973868806243 -0.220354194730 0.054987062948 0.454019021015
0.221820434616 0.974837348631 -0.022087066388 -0.235736075893
-0.048736464925 0.033707159178 0.998242748236 0.371027100545
0.000000000000 0.000000000000 0.000000000000 1.000000000000
0 12 60
0.984884676148 -0.162015626607 -0.061262642967 0.161848217688
0.161150564554 0.986749991042 -0.018840135934 -0.351199385143
0.063503308828 0.008682851678 0.997943855061 0.671206239767
0.000000000000 0.000000000000 0.000000000000 1.000000000000
0 13 60
0.977765889343 -0.121710717377 -0.170764067981 -0.114063611692
0.118837585706 0.992546914582 -0.026986118236 -0.401324209449
0.172775848606 0.006092916333 0.984942324458 0.691566311420
0.000000000000 0.000000000000 0.000000000000 1.000000000000
0 14 60
0.975483145671 -0.212509357865 -0.057204941497 -0.273411792329
0.215301061711 0.975365202033 0.048043474993 -0.566320824235
0.045586021300 -0.059181884754 0.997205805829 0.946740163675
0.000000000000 0.000000000000 0.000000000000 1.000000000000
0 15 60
0.854751766170 -0.452164499727 0.254846391805 -0.151792508290
0.405237909187 0.888163851206 0.216673049472 -0.667684259520
-0.324317213830 -0.081928252739 0.942393816945 1.066491366753
0.000000000000 0.000000000000 0.000000000000 1.000000000000
0 16 60
1.000000000000 0.000000000000 0.000000000000 0.000000000000
0.000000000000 1.000000000000 0.000000000000 0.000000000000
0.000000000000 0.000000000000 1.000000000000 0.000000000000
0.000000000000 0.000000000000 0.000000000000 1.000000000000
0 17 60
-0.924357551233 0.040927541818 -0.379325788472 0.953480902926
0.348666796801 -0.313043679225 -0.883422390313 1.022400821827
-0.154901847271 -0.948856465024 0.275094213851 1.556431658766
0.000000000000 0.000000000000 0.000000000000 1.000000000000
0 18 60
0.592296424812 -0.426131213049 0.683810744592 -0.026163794497
0.440689277281 0.881832794137 0.167820988180 -0.496198609762
-0.674520500833 0.201948291524 0.710097867555 0.655924582945
0.000000000000 0.000000000000 0.000000000000 1.000000000000
0 19 60
0.812496033344 -0.364709686442 0.454793404103 0.094591545677
0.403493278595 0.914892697279 0.012826792036 -0.186808801505
-0.420765219486 0.173084364054 0.890504594593 0.287647835924
0.000000000000 0.000000000000 0.000000000000 1.000000000000
0 20 60
0.799268963788 -0.331480688589 0.501288017628 -0.000144533271
0.296299037892 0.943055220354 0.151174506806 -0.236999745695
-0.522853711538 0.027702065924 0.851972177876 -0.371904399027
0.000000000000 0.000000000000 0.000000000000 1.000000000000
0 21 60
1.000000000000 0.000000000000 0.000000000000 0.000000000000
0.000000000000 1.000000000000 0.000000000000 0.000000000000
0.000000000000 0.000000000000 1.000000000000 0.000000000000
0.000000000000 0.000000000000 0.000000000000 1.000000000000
0 22 60
0.701300874161 0.199867433221 -0.684273405181 2.270992989862
-0.328054375601 0.942695796013 -0.060868405828 0.031290673625
0.632896050351 0.267165950893 0.726680771820 0.862270172475
0.000000000000 0.000000000000 0.000000000000 1.000000000000
0 23 60
1.000000000000 0.000000000000 0.000000000000 0.000000000000
0.000000000000 1.000000000000 0.000000000000 0.000000000000
0.000000000000 0.000000000000 1.000000000000 0.000000000000
0.000000000000 0.000000000000 0.000000000000 1.000000000000
0 24 60
1.000000000000 0.000000000000 0.000000000000 0.000000000000
0.000000000000 1.000000000000 0.000000000000 0.000000000000
0.000000000000 0.000000000000 1.000000000000 0.000000000000
0.000000000000 0.000000000000 0.000000000000 1.000000000000
0 25 60
-0.886463956702 -0.387220065708 0.253460596902 -1.727300312883
-0.408751054488 0.911919156516 -0.036414659612 -0.323105119935
-0.217035086849 -0.135882569497 -0.966660073854 5.202697015671
0.000000000000 0.000000000000 0.000000000000 1.000000000000
0 26 60
0.783818518128 0.136036531918 -0.605906422332 2.398374078567
-0.120196615863 0.990493853706 0.066893193272 -0.386582147189
0.609246505262 0.020395777871 0.792718555397 0.705520708435
0.000000000000 0.000000000000 0.000000000000 1.000000000000
0 27 60
0.309398582460 0.315231138967 -0.897163221603 2.117583802842
-0.293016542917 0.929153778213 0.225420855309 -0.699630402120
0.904662269993 0.193138772537 0.379846800427 1.313728571964
0.000000000000 0.000000000000 0.000000000000 1.000000000000
0 28 60
0.204807433870 0.343344948850 -0.916606873818 1.540373655520
-0.273908086690 0.919147409750 0.283094329147 -0.966985322872
0.939695841790 0.193086211959 0.282293180354 1.669898467983
0.000000000000 0.000000000000 0.000000000000 1.000000000000
0 29 60
0.271400957050 0.306264174905 -0.912438368156 1.056200605711
-0.288024564416 0.930420089150 0.226628127114 -1.097856263295
0.918359064204 0.201297572952 0.340728508227 1.802151267035
0.000000000000 0.000000000000 0.000000000000 1.000000000000
0 30 60
1.000000000000 0.000000000000 0.000000000000 0.000000000000
0.000000000000 1.000000000000 0.000000000000 0.000000000000
0.000000000000 0.000000000000 1.000000000000 0.000000000000
0.000000000000 0.000000000000 0.000000000000 1.000000000000
0 31 60
-0.315598239312 0.461810726118 -0.828932207473 0.051337739535
-0.441451736735 0.701825983771 0.559071241111 -1.273170561949
0.839951257798 0.542375461969 -0.017627897694 2.033726930982
0.000000000000 0.000000000000 0.000000000000 1.000000000000
0 32 60
-0.671637314653 0.539775707539 -0.507489411827 0.056767714900
-0.378411206203 0.338966477589 0.861340052529 -1.320520677034
0.636952334626 0.770547800348 -0.023405358196 1.903290146629
0.000000000000 0.000000000000 0.000000000000 1.000000000000
0 33 60
1.000000000000 0.000000000000 0.000000000000 0.000000000000
0.000000000000 1.000000000000 0.000000000000 0.000000000000
0.000000000000 0.000000000000 1.000000000000 0.000000000000
0.000000000000 0.000000000000 0.000000000000 1.000000000000
0 34 60
1.000000000000 0.000000000000 0.000000000000 0.000000000000
0.000000000000 1.000000000000 0.000000000000 0.000000000000
0.000000000000 0.000000000000 1.000000000000 0.000000000000
0.000000000000 0.000000000000 0.000000000000 1.000000000000
0 35 60
0.764951984502 -0.619365101379 0.176735204756 -0.941391673173
0.560562857406 0.775336046904 0.290900837516 -0.619943128599
-0.317203001724 -0.123453981569 0.940287918742 0.145533088599
0.000000000000 0.000000000000 0.000000000000 1.000000000000
0 36 60
1.000000000000 0.000000000000 0.000000000000 0.000000000000
0.000000000000 1.000000000000 0.000000000000 0.000000000000
0.000000000000 0.000000000000 1.000000000000 0.000000000000
0.000000000000 0.000000000000 0.000000000000 1.000000000000
0 37 60
0.356439195393 -0.657203225724 0.664104675548 -0.284329255427
0.494537923263 0.735765123426 0.462689880595 -1.086512077968
-0.792706340609 0.163504138319 0.587267447004 1.190472031489
0.000000000000 0.000000000000 0.000000000000 1.000000000000
0 38 60
0.639850248165 -0.621794951671 0.451622295729 -0.466520752124
0.438881298713 0.778064587902 0.449442657847 -0.878584665944
-0.630852491129 -0.089367416482 0.770738995580 0.688661305764
0.000000000000 0.000000000000 0.000000000000 1.000000000000
0 39 60
0.689977407572 -0.486361562879 0.536081716899 -0.386352817973
0.337915551869 0.871392887105 0.355650834540 -0.627365928688
-0.640112690739 -0.064240691604 0.765590541149 0.366240958349
0.000000000000 0.000000000000 0.000000000000 1.000000000000
0 40 60
0.975417226477 -0.046713146522 -0.215358111604 -0.431203738270
-0.034139346397 0.933442493165 -0.357098889639 -0.042705805612
0.217705625374 0.355672593681 0.908901131469 -0.253466742372
0.000000000000 0.000000000000 0.000000000000 1.000000000000
0 41 60
0.966814617492 -0.102667027509 -0.233942251137 -0.527779383762
-0.001235098269 0.913811677727 -0.406136297544 -0.154624807510
0.255475967435 0.392947450829 0.883359683793 0.026784726840
0.000000000000 0.000000000000 0.000000000000 1.000000000000
0 42 60
0.979961308109 -0.102883740371 -0.170560167027 -0.484570139631
0.034755078354 0.931460045536 -0.362179883621 -0.450540144472
0.196132402059 0.348994440555 0.916370537132 0.474329912385
0.000000000000 0.000000000000 0.000000000000 1.000000000000
0 43 60
0.964393029064 -0.114150955498 -0.238569999899 -0.536924556173
0.018811912501 0.929380045295 -0.368644603048 -0.625620609540
0.263803330989 0.351030327418 0.898435034820 0.875394886479
0.000000000000 0.000000000000 0.000000000000 1.000000000000
0 44 60
0.997500888377 -0.067142966079 0.021995449355 -0.643916711851
0.070494527779 0.924894168112 -0.373632572650 -0.679641809127
0.004743336318 0.374249381961 0.927315966035 1.199085279342
0.000000000000 0.000000000000 0.000000000000 1.000000000000
0 45 60
0.956611204765 -0.090491680868 0.276958947522 -0.674271649215
0.108546107144 0.992806175198 -0.050533564210 -1.234390991380
-0.270393686211 0.078403789332 0.959552031041 1.495796685495
0.000000000000 0.000000000000 0.000000000000 1.000000000000
0 46 60
1.000000000000 0.000000000000 0.000000000000 0.000000000000
0.000000000000 1.000000000000 0.000000000000 0.000000000000
0.000000000000 0.000000000000 1.000000000000 0.000000000000
0.000000000000 0.000000000000 0.000000000000 1.000000000000
0 47 60
1.000000000000 0.000000000000 0.000000000000 0.000000000000
0.000000000000 1.000000000000 0.000000000000 0.000000000000
0.000000000000 0.000000000000 1.000000000000 0.000000000000
0.000000000000 0.000000000000 0.000000000000 1.000000000000
0 48 60
1.000000000000 0.000000000000 0.000000000000 0.000000000000
0.000000000000 1.000000000000 0.000000000000 0.000000000000
0.000000000000 0.000000000000 1.000000000000 0.000000000000
0.000000000000 0.000000000000 0.000000000000 1.000000000000
0 49 60
1.000000000000 0.000000000000 0.000000000000 0.000000000000
0.000000000000 1.000000000000 0.000000000000 0.000000000000
0.000000000000 0.000000000000 1.000000000000 0.000000000000
0.000000000000 0.000000000000 0.000000000000 1.000000000000
0 50 60
1.000000000000 0.000000000000 0.000000000000 0.000000000000
0.000000000000 1.000000000000 0.000000000000 0.000000000000
0.000000000000 0.000000000000 1.000000000000 0.000000000000
0.000000000000 0.000000000000 0.000000000000 1.000000000000
0 51 60
1.000000000000 0.000000000000 0.000000000000 0.000000000000
0.000000000000 1.000000000000 0.000000000000 0.000000000000
0.000000000000 0.000000000000 1.000000000000 0.000000000000
0.000000000000 0.000000000000 0.000000000000 1.000000000000
0 52 60
1.000000000000 0.000000000000 0.000000000000 0.000000000000
0.000000000000 1.000000000000 0.000000000000 0.000000000000
0.000000000000 0.000000000000 1.000000000000 0.000000000000
0.000000000000 0.000000000000 0.000000000000 1.000000000000
0 53 60
1.000000000000 0.000000000000 0.000000000000 0.000000000000
0.000000000000 1.000000000000 0.000000000000 0.000000000000
0.000000000000 0.000000000000 1.000000000000 0.000000000000
0.000000000000 0.000000000000 0.000000000000 1.000000000000
0 54 60
0.968331373252 -0.031977979775 -0.247612116797 -0.219018820889
-0.008937468033 0.986688174075 -0.162377858113 0.099362053855
0.249508463264 0.159448599711 0.955155312402 -0.266443481256
0.000000000000 0.000000000000 0.000000000000 1.000000000000
0 55 60
0.977216776418 -0.187582914477 0.099297643896 -0.229702169460
0.179385780743 0.980016236735 0.085958812249 0.042595266042
-0.113437707814 -0.066187808035 0.991338015267 -0.374067917586
0.000000000000 0.000000000000 0.000000000000 1.000000000000
0 56 60
1.000000000000 0.000000000000 0.000000000000 0.000000000000
0.000000000000 1.000000000000 0.000000000000 0.000000000000
0.000000000000 0.000000000000 1.000000000000 0.000000000000
0.000000000000 0.000000000000 0.000000000000 1.000000000000
0 57 60
1.000000000000 0.000000000000 0.000000000000 0.000000000000
0.000000000000 1.000000000000 0.000000000000 0.000000000000
0.000000000000 0.000000000000 1.000000000000 0.000000000000
0.000000000000 0.000000000000 0.000000000000 1.000000000000
0 58 60
1.000000000000 0.000000000000 0.000000000000 0.000000000000
0.000000000000 1.000000000000 0.000000000000 0.000000000000
0.000000000000 0.000000000000 1.000000000000 0.000000000000
0.000000000000 0.000000000000 0.000000000000 1.000000000000
0 59 60
1.000000000000 0.000000000000 0.000000000000 0.000000000000
0.000000000000 1.000000000000 0.000000000000 0.000000000000
0.000000000000 0.000000000000 1.000000000000 0.000000000000
0.000000000000 0.000000000000 0.000000000000 1.000000000000
1 2 60
0.967159617439 0.058036871746 -0.247455038164 -0.182615643076
-0.051472335589 0.998131656897 0.032921029290 -0.159851933975
0.248903340805 -0.019102801326 0.968339924777 0.232388699740
0.000000000000 0.000000000000 0.000000000000 1.000000000000
1 3 60
0.952655878134 0.053532041815 -0.299301016296 -0.121919161102
-0.084507558053 0.992211098399 -0.091518352512 -0.497318056114
0.292070625857 0.112478694488 0.949759597371 0.476137363370
0.000000000000 0.000000000000 0.000000000000 1.000000000000
1 4 60
0.965810252141 -0.153662838244 0.208802033040 0.094082282845
0.171380549911 0.982751481676 -0.069485483202 -0.447494660441
-0.194523170781 0.102894399296 0.975486278029 0.369219562750
0.000000000000 0.000000000000 0.000000000000 1.000000000000
1 5 60
0.924598419705 -0.258039055817 0.280238484067 0.255398311532
0.298760504358 0.947592927555 -0.113180407683 -0.156153665373
-0.236347039995 0.188370616925 0.953234801801 0.202651274455
0.000000000000 0.000000000000 0.000000000000 1.000000000000
1 6 60
0.917713220453 -0.262063629016 0.298538271170 0.459195535073
0.287720271509 0.956672165694 -0.044670043085 0.064415511524
-0.273896860824 0.126889801534 0.953351712590 0.152594589072
0.000000000000 0.000000000000 0.000000000000 1.000000000000
1 7 60
0.935149052114 -0.289447960816 0.204245265083 0.805908515856
0.256144968870 0.950742890581 0.174578666887 -0.320670276110
-0.244716172845 -0.110940677792 0.963226951844 -0.254308772524
0.000000000000 0.000000000000 0.000000000000 1.000000000000
1 8 60
1.000000000000 0.000000000000 0.000000000000 0.000000000000
0.000000000000 1.000000000000 0.000000000000 0.000000000000
0.000000000000 0.000000000000 1.000000000000 0.000000000000
0.000000000000 0.000000000000 0.000000000000 1.000000000000
1 9 60
1.000000000000 0.000000000000 0.000000000000 0.000000000000
0.000000000000 1.000000000000 0.000000000000 0.000000000000
0.000000000000 0.000000000000 1.000000000000 0.000000000000
0.000000000000 0.000000000000 0.000000000000 1.000000000000
1 10 60
0.996093339250 -0.088297097525 0.001296946500 0.895254303557
0.088084340922 0.992437437702 -0.085493164243 -0.074902110707
0.006261660000 0.085273412132 0.996337912958 0.041282854332
0.000000000000 0.000000000000 0.000000000000 1.000000000000
1 11 60
0.950962720497 -0.294897078571 0.093303897431 0.589552926703
0.298662347705 0.953916950203 -0.029038839155 -0.164519471706
-0.080440700448 0.055481214540 0.995214111910 0.227749879857
0.000000000000 0.000000000000 0.000000000000 1.000000000000
1 12 60
0.973935735523 -0.224170926508 -0.034591599838 0.335140914516
0.222916793294 0.974147138575 -0.036680453573 -0.300700813573
0.041919999263 0.028013356020 0.998728174002 0.526043865972
0.000000000000 0.000000000000 0.000000000000 1.000000000000
1 13 60
0.971048983042 -0.190066571990 -0.144701661172 0.080203388190
0.182846506188 0.981198266414 -0.061782822538 -0.350907204989
0.153723868377 0.033535953810 0.987544587395 0.560665743921
0.000000000000 0.000000000000 0.000000000000 1.000000000000
1 14 60
0.961172126353 -0.275041952335 -0.022362199745 -0.085093338774
0.275245546145 0.961351698640 0.006542235747 -0.503671118120
0.019698549418 -0.012443310526 0.999728528739 0.816652198309
0.000000000000 0.000000000000 0.000000000000 1.000000000000
1 15 60
0.830371634953 -0.490711153192 0.263980135614 0.083555186867
0.448801475092 0.869779824755 0.205086060970 -0.610488569143
-0.330242613575 -0.051822973495 0.942472384528 0.906099997827
0.000000000000 0.000000000000 0.000000000000 1.000000000000
1 16 60
1.000000000000 0.000000000000 0.000000000000 0.000000000000
0.000000000000 1.000000000000 0.000000000000 0.000000000000
0.000000000000 0.000000000000 1.000000000000 0.000000000000
0.000000000000 0.000000000000 0.000000000000 1.000000000000
1 17 60
1.000000000000 0.000000000000 0.000000000000 0.000000000000
0.000000000000 1.000000000000 0.000000000000 0.000000000000
0.000000000000 0.000000000000 1.000000000000 0.000000000000
0.000000000000 0.000000000000 0.000000000000 1.000000000000
1 18 60
1.000000000000 0.000000000000 0.000000000000 0.000000000000
0.000000000000 1.000000000000 0.000000000000 0.000000000000
0.000000000000 0.000000000000 1.000000000000 0.000000000000
0.000000000000 0.000000000000 0.000000000000 1.000000000000
1 19 60
0.754086947158 -0.475389779984 0.453163803954 0.282273036844
0.512419812080 0.857457717948 0.046820915398 -0.129654072742
-0.410826985864 0.196903070108 0.890196814568 0.152383754544
0.000000000000 0.000000000000 0.000000000000 1.000000000000
1 20 60
1.000000000000 0.000000000000 0.000000000000 0.000000000000
0.000000000000 1.000000000000 0.000000000000 0.000000000000
0.000000000000 0.000000000000 1.000000000000 0.000000000000
0.000000000000 0.000000000000 0.000000000000 1.000000000000
1 21 60
1.000000000000 0.000000000000 0.000000000000 0.000000000000
0.000000000000 1.000000000000 0.000000000000 0.000000000000
0.000000000000 0.000000000000 1.000000000000 0.000000000000
0.000000000000 0.000000000000 0.000000000000 1.000000000000
1 22 60
0.770899348014 0.100195289550 -0.629027105285 2.343247297019
-0.245204527809 0.958124480382 -0.147892594929 0.315205953661
0.587868127026 0.268250599337 0.763185875906 0.666981454639
0.000000000000 0.000000000000 0.000000000000 1.000000000000
1 23 60
1.000000000000 0.000000000000 0.000000000000 0.000000000000
0.000000000000 1.000000000000 0.000000000000 0.000000000000
0.000000000000 0.000000000000 1.000000000000 0.000000000000
0.000000000000 0.000000000000 0.000000000000 1.000000000000
1 24 60
0.330705526603 0.229429293044 -0.915421244110 2.110574782687
-0.464197646575 0.884091281878 0.053880889204 -0.510518833417
0.821677795482 0.407117679303 0.398874410825 1.441443175119
0.000000000000 0.000000000000 0.000000000000 1.000000000000
1 25 60
-0.941495882313 -0.135578581467 0.308551376331 -1.554974729259
0.215107548935 0.463050791484 0.859832952903 -2.622969362347
-0.259449891077 0.875900914918 -0.406796437136 3.940925621224
0.000000000000 0.000000000000 0.000000000000 1.000000000000
1 26 60
0.793042657757 0.070913594575 -0.605024466515 2.601976122920
-0.102787330472 0.994537532387 -0.018162085979 -0.098032452294
0.600431601160 0.076592158718 0.795999707004 0.579027179824
0.000000000000 0.000000000000 0.000000000000 1.000000000000
1 27 60
0.334173078620 0.280221634875 -0.899891209466 2.325205140466
-0.293662114338 0.938208922427 0.183102650121 -0.573447894014
0.895595285901 0.203075978952 0.395814641776 1.146223196377
0.000000000000 0.000000000000 0.000000000000 1.000000000000
1 28 60
0.231854865838 0.297068251493 -0.926279534019 1.776781416057
-0.303069673004 0.926892128270 0.221404055647 -0.856779575797
0.924333324344 0.229393627867 0.304936827886 1.491320442524
0.000000000000 0.000000000000 0.000000000000 1.000000000000
1 29 60
0.286087661276 0.266612827652 -0.920364846242 1.306799605383
-0.291764966656 0.939139088012 0.181358698719 -1.034201179836
0.912703157822 0.216645732707 0.346464388072 1.674855522064
0.000000000000 0.000000000000 0.000000000000 1.000000000000
1 30 60
1.000000000000 0.000000000000 0.000000000000 0.000000000000
0.000000000000 1.000000000000 0.000000000000 0.000000000000
0.000000000000 0.000000000000 1.000000000000 0.000000000000
0.000000000000 0.000000000000 0.000000000000 1.000000000000
1 31 60
-0.203510040264 0.469648224356 -0.859077533679 0.322392099603
-0.518934002485 0.692311002770 0.501410985628 -1.248431759800
0.830235607871 0.547846712871 0.102824192777 1.789114997062
0.000000000000 0.000000000000 0.000000000000 1.000000000000
1 32 60
-0.621693841356 0.557622098312 -0.550049418775 0.304876870790
-0.414718894264 0.361394376138 0.835106187042 -1.313876281386
0.664458430875 0.747296260107 0.006579762084 1.774326601598
0.000000000000 0.000000000000 0.000000000000 1.000000000000
1 33 60
-0.713522873308 0.547664134991 -0.436977235689 0.441322706193
-0.377877770034 0.224391672312 0.898252062792 -1.187285163612
0.589994491652 0.806047376177 0.046841511284 1.520275966950
0.000000000000 0.000000000000 0.000000000000 1.000000000000
1 34 60
1.000000000000 0.000000000000 0.000000000000 0.000000000000
0.000000000000 1.000000000000 0.000000000000 0.000000000000
0.000000000000 0.000000000000 1.000000000000 0.000000000000
0.000000000000 0.000000000000 0.000000000000 1.000000000000
1 35 60
0.763563126710 -0.639141554676 0.092029476882 -0.532359748482
0.603450469402 0.757005038859 0.250581128820 -0.592647905180
-0.229823589970 -0.135799279193 0.963711405590 -0.011669400037
0.000000000000 0.000000000000 0.000000000000 1.000000000000
1 36 60
0.005458853336 -0.729255588554 0.684219619335 0.331718754304
0.607689386265 0.545812556138 0.576890165788 -1.226556007416
-0.794156036772 0.412643841738 0.446140391732 1.427652075871
0.000000000000 0.000000000000 0.000000000000 1.000000000000
1 37 60
0.311897284224 -0.721597591272 0.618075238432 -0.002696495818
0.548586259588 0.667907089214 0.502944565504 -1.087675512023
-0.775740420428 0.182200539099 0.604176930764 1.037889488030
0.000000000000 0.000000000000 0.000000000000 1.000000000000
1 38 60
0.585173019458 -0.660778956187 0.470046495954 -0.233213503839
0.477862926943 0.749309765947 0.458455993210 -0.841177792481
-0.655148502518 -0.043658283480 0.754237624315 0.579374693034
0.000000000000 0.000000000000 0.000000000000 1.000000000000
1 39 60
0.637241380994 -0.528288508742 0.561101304472 -0.229765101991
0.357391253001 0.847628084270 0.392171037986 -0.643348441330
-0.682784676621 -0.049374915566 0.728949383075 0.262410804006
0.000000000000 0.000000000000 0.000000000000 1.000000000000
1 40 60
0.981736251570 -0.111534855445 -0.154123029990 -0.331783366549
0.042467367574 0.918156142917 -0.393936314543 0.015154712019
0.185446636647 0.380196361431 0.906123761807 -0.362245330632
0.000000000000 0.000000000000 0.000000000000 1.000000000000
1 41 60
0.968600559285 -0.142278107877 -0.203886970090 -0.340985205164
0.040520836807 0.899443005937 -0.435155536396 -0.135762749272
0.245297815600 0.413230225287 0.876966226585 -0.090715982918
0.000000000000 0.000000000000 0.000000000000 1.000000000000
1 42 60
0.969076419869 -0.076583142830 -0.234576031787 -0.090441705580
-0.047169178409 0.875601192962 -0.480726137725 -0.138421119729
0.242210571741 0.476925123178 0.844912105381 0.380743885960
0.000000000000 0.000000000000 0.000000000000 1.000000000000
1 43 60
-0.297266958788 -0.129155777614 0.946018572926 -2.179833612577
-0.594993033839 -0.749844757127 -0.289337398017 0.158221551921
0.746736663688 -0.648884909146 0.146057282554 1.594147550441
0.000000000000 0.000000000000 0.000000000000 1.000000000000
1 44 60
0.303673291621 0.949793065696 -0.075337004934 0.018679211406
-0.950918347009 0.297196661095 -0.086188409638 -0.332191190839
-0.059471247494 0.097812458255 0.993426340365 0.842033460369
0.000000000000 0.000000000000 0.000000000000 1.000000000000
1 45 60
1.000000000000 0.000000000000 0.000000000000 0.000000000000
0.000000000000 1.000000000000 0.000000000000 0.000000000000
0.000000000000 0.000000000000 1.000000000000 0.000000000000
0.000000000000 0.000000000000 0.000000000000 1.000000000000
1 46 60
1.000000000000 0.000000000000 0.000000000000 0.000000000000
0.000000000000 1.000000000000 0.000000000000 0.000000000000
0.000000000000 0.000000000000 1.000000000000 0.000000000000
0.000000000000 0.000000000000 0.000000000000 1.000000000000
1 47 60
-0.557415053716 -0.711859615118 -0.427252087479 1.662673511396
0.083012292224 0.464250109482 -0.881805417984 0.114802511636
0.826073493843 -0.526998789572 -0.199686901322 2.580848984669
0.000000000000 0.000000000000 0.000000000000 1.000000000000
1 48 60
1.000000000000 0.000000000000 0.000000000000 0.000000000000
0.000000000000 1.000000000000 0.000000000000 0.000000000000
0.000000000000 0.000000000000 1.000000000000 0.000000000000
0.000000000000 0.000000000000 0.000000000000 1.000000000000
1 49 60
1.000000000000 0.000000000000 0.000000000000 0.000000000000
0.000000000000 1.000000000000 0.000000000000 0.000000000000
0.000000000000 0.000000000000 1.000000000000 0.000000000000
0.000000000000 0.000000000000 0.000000000000 1.000000000000
1 50 60
1.000000000000 0.000000000000 0.000000000000 0.000000000000
0.000000000000 1.000000000000 0.000000000000 0.000000000000
0.000000000000 0.000000000000 1.000000000000 0.000000000000
0.000000000000 0.000000000000 0.000000000000 1.000000000000
1 51 60
0.827812949520 0.140794733603 0.543049319672 -1.908975822723
-0.006653040478 -0.965463214786 0.260454445052 0.040076647616
0.560964756165 -0.219220491479 -0.798286238423 2.345763042973
0.000000000000 0.000000000000 0.000000000000 1.000000000000
1 52 60
1.000000000000 0.000000000000 0.000000000000 0.000000000000
0.000000000000 1.000000000000 0.000000000000 0.000000000000
0.000000000000 0.000000000000 1.000000000000 0.000000000000
0.000000000000 0.000000000000 0.000000000000 1.000000000000
1 53 60
1.000000000000 0.000000000000 0.000000000000 0.000000000000
0.000000000000 1.000000000000 0.000000000000 0.000000000000
0.000000000000 0.000000000000 1.000000000000 0.000000000000
0.000000000000 0.000000000000 0.000000000000 1.000000000000
1 54 60
0.972368518964 -0.177103410914 -0.152098143218 -0.255899477095
0.177007794704 0.984105874053 -0.014278279590 -0.189879658487
0.152209408190 -0.013038807331 0.988262255457 -0.426278390832
0.000000000000 0.000000000000 0.000000000000 1.000000000000
1 55 60
0.934942459149 -0.203182327683 0.290860000339 -0.738019302983
0.207592673923 0.978085133831 0.015960974696 -0.170558127872
-0.287728830348 0.045457812275 0.956632482979 0.031306008372
0.000000000000 0.000000000000 0.000000000000 1.000000000000
1 56 60
0.944429679336 -0.309405591117 0.110998923308 -0.184519409233
0.295659955734 0.947143283336 0.124518237248 -0.051842801940
-0.143658523469 -0.084780782124 0.985989070739 -0.136885519721
0.000000000000 0.000000000000 0.000000000000 1.000000000000
1 57 60
-0.091804728662 0.600925232600 -0.794015589658 1.698280945226
-0.390101012018 0.711943698681 0.583915550684 -1.667031349196
0.916183983825 0.363352493776 0.169061743304 2.577262601279
0.000000000000 0.000000000000 0.000000000000 1.000000000000
1 58 60
0.518952712238 -0.674264697922 -0.525409554155 1.045567823122
-0.435658188450 -0.737463035096 0.516091285243 -0.596695825545
-0.735452259020 -0.038927997682 -0.676457379071 3.177764799336
0.000000000000 0.000000000000 0.000000000000 1.000000000000
1 59 60
-0.464593145679 0.403498062351 -0.788252829152 0.039636490026
-0.275164752952 0.780305890080 0.561611143621 -1.247055356178
0.841687333706 0.477820082861 -0.251496323421 3.013898562795
0.000000000000 0.000000000000 0.000000000000 1.000000000000
2 3 60
0.998221821056 0.026529262990 -0.053379716871 0.126305667564
-0.033969857297 0.989037112888 -0.143706778284 -0.296398236165
0.048982086146 0.145264543282 0.988179623197 0.213028084735
0.000000000000 0.000000000000 0.000000000000 1.000000000000
2 4 60
0.875514905031 -0.154937575833 0.457676740356 0.269891101871
0.214683415124 0.973303528934 -0.081186648139 -0.263292473952
-0.432879524046 0.169335726177 0.885404274612 0.066001863288
0.000000000000 0.000000000000 0.000000000000 1.000000000000
2 5 60
1.000000000000 0.000000000000 0.000000000000 0.000000000000
0.000000000000 1.000000000000 0.000000000000 0.000000000000
0.000000000000 0.000000000000 1.000000000000 0.000000000000
0.000000000000 0.000000000000 0.000000000000 1.000000000000
2 6 60
1.000000000000 0.000000000000 0.000000000000 0.000000000000
0.000000000000 1.000000000000 0.000000000000 0.000000000000
0.000000000000 0.000000000000 1.000000000000 0.000000000000
0.000000000000 0.000000000000 0.000000000000 1.000000000000
2 7 60
1.000000000000 0.000000000000 0.000000000000 0.000000000000
0.000000000000 1.000000000000 0.000000000000 0.000000000000
0.000000000000 0.000000000000 1.000000000000 0.000000000000
0.000000000000 0.000000000000 0.000000000000 1.000000000000
2 8 60
1.000000000000 0.000000000000 0.000000000000 0.000000000000
0.000000000000 1.000000000000 0.000000000000 0.000000000000
0.000000000000 0.000000000000 1.000000000000 0.000000000000
0.000000000000 0.000000000000 0.000000000000 1.000000000000
2 9 60
1.000000000000 0.000000000000 0.000000000000 0.000000000000
0.000000000000 1.000000000000 0.000000000000 0.000000000000
0.000000000000 0.000000000000 1.000000000000 0.000000000000
0.000000000000 0.000000000000 0.000000000000 1.000000000000
2 10 60
0.954071007029 -0.095892420922 0.283818880900 0.898400734656
0.134935684605 0.983396939072 -0.121337633251 0.220327909600
-0.267471259327 0.154062012944 0.951169817436 -0.431064089914
0.000000000000 0.000000000000 0.000000000000 1.000000000000
2 11 60
0.892425962975 -0.319333061024 0.318751151754 0.784584407178
0.357859496323 0.931222851850 -0.068996964304 0.122606467617
-0.274795344754 0.175642808930 0.945323818685 -0.204407320364
0.000000000000 0.000000000000 0.000000000000 1.000000000000
2 12 60
0.942949961368 -0.260304169849 0.207574346961 0.590210789294
0.277683854887 0.958859022192 -0.059000443183 -0.102487537917
-0.183676473976 0.113274510459 0.976438343260 0.132919764828
0.000000000000 0.000000000000 0.000000000000 1.000000000000
2 13 60
0.970387097812 -0.216695095841 0.106733855166 0.332519528937
0.226313298558 0.970061651774 -0.088106087497 -0.184899533543
-0.084446262768 0.109652301376 0.990376292884 0.233992502621
0.000000000000 0.000000000000 0.000000000000 1.000000000000
2 14 60
0.922564773266 -0.321659703978 0.213094518854 0.267513632162
0.330680123890 0.943715996230 -0.007125596386 -0.355700851882
-0.198808688927 0.077039946109 0.977005604851 0.508692397160
0.000000000000 0.000000000000 0.000000000000 1.000000000000
2 15 60
0.630385585285 0.333380373674 -0.701050312256 1.499449049446
-0.233427989034 0.942697692412 0.238395542441 -0.607735228199
0.740354906650 0.013363651051 0.672083346788 1.005905167044
0.000000000000 0.000000000000 0.000000000000 1.000000000000
2 16 60
1.000000000000 0.000000000000 0.000000000000 0.000000000000
0.000000000000 1.000000000000 0.000000000000 0.000000000000
0.000000000000 0.000000000000 1.000000000000 0.000000000000
0.000000000000 0.000000000000 0.000000000000 1.000000000000
2 17 60
1.000000000000 0.000000000000 0.000000000000 0.000000000000
0.000000000000 1.000000000000 0.000000000000 0.000000000000
0.000000000000 0.000000000000 1.000000000000 0.000000000000
0.000000000000 0.000000000000 0.000000000000 1.000000000000
2 18 60
1.000000000000 0.000000000000 0.000000000000 0.000000000000
0.000000000000 1.000000000000 0.000000000000 0.000000000000
0.000000000000 0.000000000000 1.000000000000 0.000000000000
0.000000000000 0.000000000000 0.000000000000 1.000000000000
2 19 60
1.000000000000 0.000000000000 0.000000000000 0.000000000000
0.000000000000 1.000000000000 0.000000000000 0.000000000000
0.000000000000 0.000000000000 1.000000000000 0.000000000000
0.000000000000 0.000000000000 0.000000000000 1.000000000000
2 20 60
1.000000000000 0.000000000000 0.000000000000 0.000000000000
0.000000000000 1.000000000000 0.000000000000 0.000000000000
0.000000000000 0.000000000000 1.000000000000 0.000000000000
0.000000000000 0.000000000000 0.000000000000 1.000000000000
2 21 60
0.574186132846 0.618874955454 0.536007531999 -0.916979756759
-0.704911518287 0.040701742063 0.708126485579 -2.307041216012
0.416425306907 -0.784434291516 0.459622460354 0.185597198692
0.000000000000 0.000000000000 0.000000000000 1.000000000000
2 22 60
1.000000000000 0.000000000000 0.000000000000 0.000000000000
0.000000000000 1.000000000000 0.000000000000 0.000000000000
0.000000000000 0.000000000000 1.000000000000 0.000000000000
0.000000000000 0.000000000000 0.000000000000 1.000000000000
2 23 60
0.870156276811 0.142180612650 -0.471818532184 2.744562072651
-0.206487614985 0.974561463521 -0.087136781431 -0.113386412800
0.447426998273 0.173247300720 0.877379310224 0.224900242571
0.000000000000 0.000000000000 0.000000000000 1.000000000000
2 24 60
-0.408829045197 0.228301561825 -0.883593350287 2.387502018255
-0.664576764550 0.589080106858 0.459698109334 -1.093358017662
0.625457061535 0.775153549029 -0.089109144331 1.877116093420
0.000000000000 0.000000000000 0.000000000000 1.000000000000
2 25 60
0.107586424639 0.490790919079 -0.864609411806 2.332020626351
-0.402658852911 0.816648662225 0.413461982119 -1.319191919107
0.909005505707 0.303659737594 0.285481618250 1.758039848383
0.000000000000 0.000000000000 0.000000000000 1.000000000000
2 26 60
-0.178396286911 0.447815324324 -0.876148503461 2.078339526009
-0.480220816550 0.737558029517 0.474759013024 -1.321572996196
0.858814725170 0.505439994852 0.083472626864 1.734920300152
0.000000000000 0.000000000000 0.000000000000 1.000000000000
2 27 60
0.556953104344 0.235504684780 -0.796455135590 2.707152931987
-0.278389284694 0.956416584011 0.088129019041 -0.185738538545
0.782497696948 0.172640844750 0.598241166249 0.273960196029
0.000000000000 0.000000000000 0.000000000000 1.000000000000
2 28 60
0.452105844980 0.269362750834 -0.850319947665 2.304448960525
-0.295511765278 0.944705534201 0.142141655514 -0.558654616873
0.841589627738 0.187016475513 0.506706755797 0.767571763519
0.000000000000 0.000000000000 0.000000000000 1.000000000000
2 29 60
0.501007516921 0.239957126514 -0.831511903357 1.883889533936
-0.285586700334 0.952813782312 0.102888934435 -0.769337025129
0.816964934732 0.185920611209 0.545895431147 1.024230608345
0.000000000000 0.000000000000 0.000000000000 1.000000000000
2 30 60
0.319857216441 0.339926852480 -0.884387412876 1.428679648715
-0.376018756084 0.902310627098 0.210820841707 -1.060228481474
0.869655826269 0.265113687290 0.416429437777 1.318370875936
0.000000000000 0.000000000000 0.000000000000 1.000000000000
2 31 60
0.024743257521 0.542176044817 -0.839900534370 0.937361493012
-0.524708893155 0.722171100623 0.450721065482 -1.066169076598
0.850922057918 0.429550972356 0.302353457888 1.370792080259
0.000000000000 0.000000000000 0.000000000000 1.000000000000
2 32 60
-0.457834523011 0.689103523634 -0.561715126425 0.912081246581
-0.477532328480 0.342327107663 0.809181701854 -1.151995109018
0.749900276567 0.638708450762 0.172340042155 1.318350866638
0.000000000000 0.000000000000 0.000000000000 1.000000000000
2 33 60
1.000000000000 0.000000000000 0.000000000000 0.000000000000
0.000000000000 1.000000000000 0.000000000000 0.000000000000
0.000000000000 0.000000000000 1.000000000000 0.000000000000
0.000000000000 0.000000000000 0.000000000000 1.000000000000
2 34 60
1.000000000000 0.000000000000 0.000000000000 0.000000000000
0.000000000000 1.000000000000 0.000000000000 0.000000000000
0.000000000000 0.000000000000 1.000000000000 0.000000000000
0.000000000000 0.000000000000 0.000000000000 1.000000000000
2 35 60
0.518198656897 -0.697604452225 0.494791047035 -0.697720096503
0.436511528939 0.713229132367 0.548417623573 -0.938655962498
-0.735477965064 -0.068207279508 0.674106764488 0.405192943269
0.000000000000 0.000000000000 0.000000000000 1.000000000000
2 36 60
0.939918145928 -0.306315909770 -0.150746284785 0.736845292580
0.330820154785 0.926265226286 0.180529099486 -0.970485931170
0.084332106239 -0.219552485741 0.971948970812 0.888027452624
0.000000000000 0.000000000000 0.000000000000 1.000000000000
2 37 60
0.987345416443 0.005459351517 -0.158490454315 0.897803467578
-0.006050193030 0.999976430122 -0.003245668761 -0.544439822641
0.158468999468 0.004163494016 0.987355174962 0.312152514880
0.000000000000 0.000000000000 0.000000000000 1.000000000000
2 38 60
0.897110146041 0.242854004062 -0.369073595075 1.487142512404
-0.165455919038 0.959255974268 0.229024703225 -0.522340194275
0.409655617227 -0.144394974092 0.900739899600 0.251800509422
0.000000000000 0.000000000000 0.000000000000 1.000000000000
2 39 60
0.843557316387 0.389986228673 -0.369217815680 1.869111722277
-0.393818448987 0.916637155837 0.068435033257 -0.485058127093
0.365127488978 0.087675914508 0.926819750980 0.226368186177
0.000000000000 0.000000000000 0.000000000000 1.000000000000
2 40 60
0.995744552335 -0.047848141042 0.078761296927 -0.261400010476
0.076640158567 0.904560724018 -0.419399788578 0.196023754420
-0.051176875536 0.423651333013 0.904378502313 -0.554890648329
0.000000000000 0.000000000000 0.000000000000 1.000000000000
2 41 60
0.994662199185 -0.096388568052 0.036828704305 -0.207694055179
0.102299303231 0.874514856380 -0.474087142337 0.061155709874
0.013489331726 0.475324110392 0.879707353618 -0.282968718598
0.000000000000 0.000000000000 0.000000000000 1.000000000000
2 42 60
0.987250522512 -0.092704389200 0.129392047761 -0.097480723853
0.140759640023 0.888002641830 -0.437764813391 -0.195632232793
-0.074317760605 0.450396718822 0.889730108591 0.136415809305
0.000000000000 0.000000000000 0.000000000000 1.000000000000
2 43 60
0.992970166495 -0.112626595294 0.036407395989 0.027450978148
0.117170698537 0.891716430023 -0.437164540913 -0.434249438803
0.016771280649 0.438357226997 0.898644348831 0.501444695039
0.000000000000 0.000000000000 0.000000000000 1.000000000000
2 44 60
0.933938111365 -0.132058727469 0.332144692323 -0.006567385595
0.243936471388 0.914690994200 -0.322234981118 -0.676325123729
-0.261255817287 0.381969733917 0.886478719601 0.831002634664
0.000000000000 0.000000000000 0.000000000000 1.000000000000
2 45 60
0.860497568410 -0.169892934018 0.480291917204 0.144372312360
