0 1 60
0.997746426368 0.063508727103 -0.021649717123 -0.152534987291
-0.063159211084 0.997867661887 0.016463396246 -0.036877439825
0.022649121945 -0.015058915716 0.999630054737 0.130205561010
0.000000000000 0.000000000000 0.000000000000 1.000000000000
0 2 60
0.962242091756 0.104383167187 -0.251384787250 -0.389589040626
-0.085056200769 0.992606695427 0.086587475452 -0.247207984569
0.258564497879 -0.061936278564 0.964006378524 0.357014200839
0.000000000000 0.000000000000 0.000000000000 1.000000000000
0 3 60
0.933830914160 0.097252772589 -0.344240790701 -0.290278075096
-0.121022263811 0.991479188218 -0.048193682089 -0.557118607959
0.336620610511 0.086665549988 0.937643667405 0.619932023174
0.000000000000 0.000000000000 0.000000000000 1.000000000000
0 4 60
0.977049867206 -0.111929322506 0.181232954388 -0.099430429268
0.124528694713 0.990420327882 -0.059667229797 -0.508649007070
-0.172818289500 0.080866562199 0.981628462267 0.513882382246
0.000000000000 0.000000000000 0.000000000000 1.000000000000
0 5 60
0.940811480869 -0.207116710355 0.268284225693 0.067111870162
0.240550004256 0.965671655456 -0.098050748597 -0.238987221478
-0.238766523861 0.156783041620 0.958336905761 0.334964844415
0.000000000000 0.000000000000 0.000000000000 1.000000000000
0 6 60
0.949915344494 -0.174864648737 0.259004233395 0.361566099358
0.202296753159 0.975788716051 -0.083140876160 0.036782136120
-0.238195008251 0.131372509490 0.962291225043 0.310902908552
0.000000000000 0.000000000000 0.000000000000 1.000000000000
0 7 60
0.971422847370 -0.125390340788 0.201531421976 0.712507726144
0.134248442841 0.990467425616 -0.030848571909 0.139035387097
-0.195742195761 0.057022287145 0.978996144817 0.053560696528
0.000000000000 0.000000000000 0.000000000000 1.000000000000
0 8 60
1.000000000000 0.000000000000 0.000000000000 0.000000000000
0.000000000000 1.000000000000 0.000000000000 0.000000000000
0.000000000000 0.000000000000 1.000000000000 0.000000000000
0.000000000000 0.000000000000 0.000000000000 1.000000000000
0 9 60
1.000000000000 0.000000000000 0.000000000000 0.000000000000
0.000000000000 1.000000000000 0.000000000000 0.000000000000
0.000000000000 0.000000000000 1.000000000000 0.000000000000
0.000000000000 0.000000000000 0.000000000000 1.000000000000
0 10 60
0.999254438309 -0.024846963916 -0.029549888395 0.743307529091
0.023033199092 0.997919842082 -0.060211797164 -0.181462193207
0.030984500312 0.059486277093 0.997748136344 0.192668063222
0.000000000000 0.000000000000 0.000000000000 1.000000000000
0 11 60
0.973377239169 -0.220395590020 0.062948662951 0.430633460435
0.221759258387 0.974978566090 -0.015479889693 -0.240408615918
-0.057961897719 0.029027221105 0.997896707504 0.375829194201
0.000000000000 0.000000000000 0.000000000000 1.000000000000
0 12 60
0.984940936050 -0.156391823473 -0.073708547967 0.178663288371
0.155194070286 0.987644718175 -0.021741922832 -0.342877217695
0.076198117042 0.009975380252 0.997042796849 0.670198072639
0.000000000000 0.000000000000 0.000000000000 1.000000000000
0 13 60
0.968474665046 -0.141217272969 -0.205218188713 -0.056966196349
0.135180739649 0.989878035723 -0.043216224058 -0.376424902528
0.209243854847 0.014112271579 0.977761654494 0.704155885939
0.000000000000 0.000000000000 0.000000000000 1.000000000000
0 14 60
0.974313908544 -0.218966726455 -0.052592588105 -0.282250808423
0.221216051833 0.974338533809 0.041567775339 -0.533277382615
0.042141025491 -0.052134386356 0.997750539829 0.961790747255
0.000000000000 0.000000000000 0.000000000000 1.000000000000
0 15 60
0.801769081446 -0.582638001488 0.133038713388 -0.064729376551
0.575628824951 0.812720630111 0.090203288618 -0.565877376572
-0.160679170782 0.004258710402 0.986997501244 1.003062362295
0.000000000000 0.000000000000 0.000000000000 1.000000000000
0 16 60
1.000000000000 0.000000000000 0.000000000000 0.000000000000
0.000000000000 1.000000000000 0.000000000000 0.000000000000
0.000000000000 0.000000000000 1.000000000000 0.000000000000
0.000000000000 0.000000000000 0.000000000000 1.000000000000
0 17 60
1.000000000000 0.000000000000 0.000000000000 0.000000000000
0.000000000000 1.000000000000 0.000000000000 0.000000000000
0.000000000000 0.000000000000 1.000000000000 0.000000000000
0.000000000000 0.000000000000 0.000000000000 1.000000000000
0 18 60
0.653256094989 -0.424884491441 0.626681452808 0.130507933748
0.436964615707 0.887512433166 0.146231342730 -0.465486702002
-0.618319010689 0.178311104280 0.765432394866 0.626542280034
0.000000000000 0.000000000000 0.000000000000 1.000000000000
0 19 60
0.807505448932 -0.389480658564 0.442989578376 0.126538859927
0.424528131154 0.905148347316 0.021962131287 -0.182890117969
-0.409525110102 0.170326997144 0.896257718650 0.279346051361
0.000000000000 0.000000000000 0.000000000000 1.000000000000
0 20 60
0.848541770452 -0.227491735180 0.477728347729 0.193690587182
0.198335296218 0.973779990521 0.111425492299 -0.217563369338
-0.490550684510 0.000201208849 0.871412637871 -0.408683832054
0.000000000000 0.000000000000 0.000000000000 1.000000000000
0 21 60
1.000000000000 0.000000000000 0.000000000000 0.000000000000
0.000000000000 1.000000000000 0.000000000000 0.000000000000
0.000000000000 0.000000000000 1.000000000000 0.000000000000
0.000000000000 0.000000000000 0.000000000000 1.000000000000
0 22 60
0.444286883278 -0.439931442688 0.780429042951 -3.329251934595
0.402531036956 0.876269684390 0.264802198832 -0.757374375544
-0.800361124515 0.196498768326 0.566401186803 0.748861765990
0.000000000000 0.000000000000 0.000000000000 1.000000000000
0 23 60
1.000000000000 0.000000000000 0.000000000000 0.000000000000
0.000000000000 1.000000000000 0.000000000000 0.000000000000
0.000000000000 0.000000000000 1.000000000000 0.000000000000
0.000000000000 0.000000000000 0.000000000000 1.000000000000
0 24 60
1.000000000000 0.000000000000 0.000000000000 0.000000000000
0.000000000000 1.000000000000 0.000000000000 0.000000000000
0.000000000000 0.000000000000 1.000000000000 0.000000000000
0.000000000000 0.000000000000 0.000000000000 1.000000000000
0 25 60
1.000000000000 0.000000000000 0.000000000000 0.000000000000
0.000000000000 1.000000000000 0.000000000000 0.000000000000
0.000000000000 0.000000000000 1.000000000000 0.000000000000
0.000000000000 0.000000000000 0.000000000000 1.000000000000
0 26 60
0.812301947563 0.135895744693 -0.567184178693 2.355546222326
-0.117999255513 0.990657611459 0.068364263739 -0.346957823544
0.571175736252 0.011394886246 0.820748703858 0.621506000536
0.000000000000 0.000000000000 0.000000000000 1.000000000000
0 27 60
0.307327834865 0.303187285135 -0.902012789294 2.127673913249
-0.286914534083 0.933298814615 0.215947615803 -0.680273620663
0.907320038382 0.192433865968 0.373817542631 1.332439460152
0.000000000000 0.000000000000 0.000000000000 1.000000000000
0 28 60
0.202823477978 0.333103382404 -0.920817448473 1.552506579915
-0.252977872104 0.926263944987 0.279351571399 -0.965414944979
0.945972955748 0.176287381421 0.272135859719 1.693687494998
0.000000000000 0.000000000000 0.000000000000 1.000000000000
0 29 60
0.226185326222 0.279853144661 -0.933017907452 1.076679086980
-0.232080106897 0.945740266361 0.227407503319 -1.082245987321
0.946033309236 0.165098655374 0.278860918397 1.918136055738
0.000000000000 0.000000000000 0.000000000000 1.000000000000
0 30 60
1.000000000000 0.000000000000 0.000000000000 0.000000000000
0.000000000000 1.000000000000 0.000000000000 0.000000000000
0.000000000000 0.000000000000 1.000000000000 0.000000000000
0.000000000000 0.000000000000 0.000000000000 1.000000000000
0 31 60
0.922543627070 0.108711391064 -0.370263540744 0.904384893443
-0.067967214395 0.990273521204 0.121403504768 -0.874332256996
0.379860124150 -0.086834248171 0.920959336467 1.568174670556
0.000000000000 0.000000000000 0.000000000000 1.000000000000
0 32 60
-0.544956246186 0.645172497423 -0.535513901138 0.114533398501
-0.450111094181 0.313746096250 0.836040304042 -1.312366049513
0.707405606875 0.696646133741 0.119421403883 1.780641695960
0.000000000000 0.000000000000 0.000000000000 1.000000000000
0 33 60
1.000000000000 0.000000000000 0.000000000000 0.000000000000
0.000000000000 1.000000000000 0.000000000000 0.000000000000
0.000000000000 0.000000000000 1.000000000000 0.000000000000
0.000000000000 0.000000000000 0.000000000000 1.000000000000
0 34 60
1.000000000000 0.000000000000 0.000000000000 0.000000000000
0.000000000000 1.000000000000 0.000000000000 0.000000000000
0.000000000000 0.000000000000 1.000000000000 0.000000000000
0.000000000000 0.000000000000 0.000000000000 1.000000000000
0 35 60
1.000000000000 0.000000000000 0.000000000000 0.000000000000
0.000000000000 1.000000000000 0.000000000000 0.000000000000
0.000000000000 0.000000000000 1.000000000000 0.000000000000
0.000000000000 0.000000000000 0.000000000000 1.000000000000
0 36 60
0.061103006550 -0.712317576657 0.699192457465 0.112464252113
0.606925516848 0.582636146099 0.540533568113 -1.260495526393
-0.792406360139 0.391329517470 0.467924533624 1.572380458081
0.000000000000 0.000000000000 0.000000000000 1.000000000000
0 37 60
0.399758788915 -0.733060869430 0.550285991458 -0.111740893258
0.547234717226 0.672481142622 0.498300388401 -1.110231576353
-0.735341468263 0.101935639146 0.669986604735 1.134064190289
0.000000000000 0.000000000000 0.000000000000 1.000000000000
0 38 60
0.608910275556 -0.613281208097 0.503104796357 -0.451531300619
0.400491279083 0.785152719147 0.472379024719 -0.880427887699
-0.684715277835 -0.086147358703 0.723701334037 0.771831279595
0.000000000000 0.000000000000 0.000000000000 1.000000000000
0 39 60
0.686550783990 -0.493522252534 0.533932399519 -0.356534004089
0.333478170628 0.866291862327 0.371928378833 -0.644322051778
-0.646096224039 -0.077292920246 0.759332255183 0.355342627270
0.000000000000 0.000000000000 0.000000000000 1.000000000000
0 40 60
0.970026599806 -0.086928239653 -0.226918216147 -0.380242901557
-0.001806632077 0.931218869601 -0.364455968505 -0.049369677658
0.242992040506 0.353941941636 0.903150026409 -0.265719024520
0.000000000000 0.000000000000 0.000000000000 1.000000000000
0 41 60
0.980836766432 -0.099670242846 -0.167406930279 -0.719101519245
-0.063398284062 0.649201261574 -0.757969906757 0.884866313559
0.184227835010 0.754058064516 0.630441543797 0.582416663343
0.000000000000 0.000000000000 0.000000000000 1.000000000000
0 42 60
0.984935418150 -0.035448376357 -0.169250213257 -0.528106849870
-0.023685020589 0.941883337358 -0.335104160833 -0.483894022172
0.171292854123 0.334064651559 0.926854663205 0.462726622704
0.000000000000 0.000000000000 0.000000000000 1.000000000000
0 43 60
1.000000000000 0.000000000000 0.000000000000 0.000000000000
0.000000000000 1.000000000000 0.000000000000 0.000000000000
0.000000000000 0.000000000000 1.000000000000 0.000000000000
0.000000000000 0.000000000000 0.000000000000 1.000000000000
0 44 60
1.000000000000 0.000000000000 0.000000000000 0.000000000000
0.000000000000 1.000000000000 0.000000000000 0.000000000000
0.000000000000 0.000000000000 1.000000000000 0.000000000000
0.000000000000 0.000000000000 0.000000000000 1.000000000000
0 45 60
1.000000000000 0.000000000000 0.000000000000 0.000000000000
0.000000000000 1.000000000000 0.000000000000 0.000000000000
0.000000000000 0.000000000000 1.000000000000 0.000000000000
0.000000000000 0.000000000000 0.000000000000 1.000000000000
0 46 60
1.000000000000 0.000000000000 0.000000000000 0.000000000000
0.000000000000 1.000000000000 0.000000000000 0.000000000000
0.000000000000 0.000000000000 1.000000000000 0.000000000000
0.000000000000 0.000000000000 0.000000000000 1.000000000000
0 47 60
1.000000000000 0.000000000000 0.000000000000 0.000000000000
0.000000000000 1.000000000000 0.000000000000 0.000000000000
0.000000000000 0.000000000000 1.000000000000 0.000000000000
0.000000000000 0.000000000000 0.000000000000 1.000000000000
0 48 60
1.000000000000 0.000000000000 0.000000000000 0.000000000000
0.000000000000 1.000000000000 0.000000000000 0.000000000000
0.000000000000 0.000000000000 1.000000000000 0.000000000000
0.000000000000 0.000000000000 0.000000000000 1.000000000000
0 49 60
1.000000000000 0.000000000000 0.000000000000 0.000000000000
0.000000000000 1.000000000000 0.000000000000 0.000000000000
0.000000000000 0.000000000000 1.000000000000 0.000000000000
0.000000000000 0.000000000000 0.000000000000 1.000000000000
0 50 60
1.000000000000 0.000000000000 0.000000000000 0.000000000000
0.000000000000 1.000000000000 0.000000000000 0.000000000000
0.000000000000 0.000000000000 1.000000000000 0.000000000000
0.000000000000 0.000000000000 0.000000000000 1.000000000000
0 51 60
1.000000000000 0.000000000000 0.000000000000 0.000000000000
0.000000000000 1.000000000000 0.000000000000 0.000000000000
0.000000000000 0.000000000000 1.000000000000 0.000000000000
0.000000000000 0.000000000000 0.000000000000 1.000000000000
0 52 60
1.000000000000 0.000000000000 0.000000000000 0.000000000000
0.000000000000 1.000000000000 0.000000000000 0.000000000000
0.000000000000 0.000000000000 1.000000000000 0.000000000000
0.000000000000 0.000000000000 0.000000000000 1.000000000000
0 53 60
1.000000000000 0.000000000000 0.000000000000 0.000000000000
0.000000000000 1.000000000000 0.000000000000 0.000000000000
0.000000000000 0.000000000000 1.000000000000 0.000000000000
0.000000000000 0.000000000000 0.000000000000 1.000000000000
0 54 60
1.000000000000 0.000000000000 0.000000000000 0.000000000000
0.000000000000 1.000000000000 0.000000000000 0.000000000000
0.000000000000 0.000000000000 1.000000000000 0.000000000000
0.000000000000 0.000000000000 0.000000000000 1.000000000000
0 55 60
1.000000000000 0.000000000000 0.000000000000 0.000000000000
0.000000000000 1.000000000000 0.000000000000 0.000000000000
0.000000000000 0.000000000000 1.000000000000 0.000000000000
0.000000000000 0.000000000000 0.000000000000 1.000000000000
0 56 60
0.646250425448 -0.049546676644 -0.761515275252 1.190813617662
-0.125549234834 0.977389617780 -0.170137957812 0.356405375356
0.752726894193 0.205559387743 0.625417908977 0.527386139850
0.000000000000 0.000000000000 0.000000000000 1.000000000000
0 57 60
1.000000000000 0.000000000000 0.000000000000 0.000000000000
0.000000000000 1.000000000000 0.000000000000 0.000000000000
0.000000000000 0.000000000000 1.000000000000 0.000000000000
0.000000000000 0.000000000000 0.000000000000 1.000000000000
0 58 60
1.000000000000 0.000000000000 0.000000000000 0.000000000000
0.000000000000 1.000000000000 0.000000000000 0.000000000000
0.000000000000 0.000000000000 1.000000000000 0.000000000000
0.000000000000 0.000000000000 0.000000000000 1.000000000000
0 59 60
1.000000000000 0.000000000000 0.000000000000 0.000000000000
0.000000000000 1.000000000000 0.000000000000 0.000000000000
0.000000000000 0.000000000000 1.000000000000 0.000000000000
0.000000000000 0.000000000000 0.000000000000 1.000000000000
1 2 60
0.972114003274 0.067643537560 -0.224541124220 -0.227652439313
-0.059736787850 0.997337356735 0.041829571326 -0.192335663665
0.226772751487 -0.027249746535 0.973566418123 0.248455589336
0.000000000000 0.000000000000 0.000000000000 1.000000000000
1 3 60
0.950491753430 0.072292998419 -0.302223673860 -0.140728007563
-0.104065405740 0.990456810065 -0.090364255785 -0.492225871153
0.292806792937 0.117341509173 0.948944230308 0.464850444358
0.000000000000 0.000000000000 0.000000000000 1.000000000000
1 4 60
0.960678958028 -0.149350270473 0.234073570297 0.042173687704
0.172480249556 0.981630427200 -0.081561436404 -0.432392767132
-0.217592516220 0.118727423559 0.968791667894 0.385928410250
0.000000000000 0.000000000000 0.000000000000 1.000000000000
1 5 60
0.932586936856 -0.254405816262 0.256045476153 0.323021047582
0.294702457560 0.946262471938 -0.133183316183 -0.136180618656
-0.208403614927 0.199662251948 0.957446039436 0.196749812617
0.000000000000 0.000000000000 0.000000000000 1.000000000000
1 6 60
0.922378287945 -0.275792207335 0.270475419034 0.543201313979
0.301658679287 0.951626503452 -0.058386977476 0.105049922022
-0.241288903887 0.135446138008 0.960954738039 0.163054806735
0.000000000000 0.000000000000 0.000000000000 1.000000000000
1 7 60
1.000000000000 0.000000000000 0.000000000000 0.000000000000
0.000000000000 1.000000000000 0.000000000000 0.000000000000
0.000000000000 0.000000000000 1.000000000000 0.000000000000
0.000000000000 0.000000000000 0.000000000000 1.000000000000
1 8 60
1.000000000000 0.000000000000 0.000000000000 0.000000000000
0.000000000000 1.000000000000 0.000000000000 0.000000000000
0.000000000000 0.000000000000 1.000000000000 0.000000000000
0.000000000000 0.000000000000 0.000000000000 1.000000000000
1 9 60
1.000000000000 0.000000000000 0.000000000000 0.000000000000
0.000000000000 1.000000000000 0.000000000000 0.000000000000
0.000000000000 0.000000000000 1.000000000000 0.000000000000
0.000000000000 0.000000000000 0.000000000000 1.000000000000
1 10 60
0.985958111336 -0.165190168492 -0.024470613471 0.948593439782
0.161006293373 0.979235006581 -0.123189997083 0.045520643236
0.044312257718 0.117520254088 0.992081354373 0.065619774292
0.000000000000 0.000000000000 0.000000000000 1.000000000000
1 11 60
0.955804221554 -0.278906540135 0.093002322174 0.583856189128
0.284112498200 0.957579741756 -0.048178071199 -0.138179635667
-0.075619960501 0.072471925930 0.994499593527 0.230306651289
0.000000000000 0.000000000000 0.000000000000 1.000000000000
1 12 60
0.972454717812 -0.229950925858 -0.038136511400 0.342956141923
0.227798746885 0.972234528219 -0.053551405744 -0.270720192127
0.049391828501 0.043388867654 0.997836586542 0.524580372125
0.000000000000 0.000000000000 0.000000000000 1.000000000000
1 13 60
0.973987105860 -0.172267706674 -0.147217372805 0.069080190975
0.167300040182 0.984851870882 -0.045579479752 -0.390985186525
0.152839177482 0.019764353184 0.988053417670 0.564624541010
0.000000000000 0.000000000000 0.000000000000 1.000000000000
1 14 60
0.959240649553 -0.281659874202 -0.022914875315 -0.087782765731
0.282353834032 0.958598945351 0.036937438735 -0.567597526903
0.011562380962 -0.041901995626 0.999054820372 0.808094990475
0.000000000000 0.000000000000 0.000000000000 1.000000000000
1 15 60
0.826804450235 -0.480966469559 0.291660172516 0.036351309853
0.431438727535 0.874954936600 0.219805557942 -0.631210753853
-0.360908610945 -0.055902719790 0.930924196949 0.914029929652
0.000000000000 0.000000000000 0.000000000000 1.000000000000
1 16 60
1.000000000000 0.000000000000 0.000000000000 0.000000000000
0.000000000000 1.000000000000 0.000000000000 0.000000000000
0.000000000000 0.000000000000 1.000000000000 0.000000000000
0.000000000000 0.000000000000 0.000000000000 1.000000000000
1 17 60
1.000000000000 0.000000000000 0.000000000000 0.000000000000
0.000000000000 1.000000000000 0.000000000000 0.000000000000
0.000000000000 0.000000000000 1.000000000000 0.000000000000
0.000000000000 0.000000000000 0.000000000000 1.000000000000
1 18 60
1.000000000000 0.000000000000 0.000000000000 0.000000000000
0.000000000000 1.000000000000 0.000000000000 0.000000000000
0.000000000000 0.000000000000 1.000000000000 0.000000000000
0.000000000000 0.000000000000 0.000000000000 1.000000000000
1 19 60
0.782907971993 -0.419329078815 0.459584846410 0.329758596476
0.459762696994 0.887640937534 0.026680113693 -0.114543792507
-0.419134071441 0.190411894779 0.887733034467 0.147573734287
0.000000000000 0.000000000000 0.000000000000 1.000000000000
1 20 60
1.000000000000 0.000000000000 0.000000000000 0.000000000000
0.000000000000 1.000000000000 0.000000000000 0.000000000000
0.000000000000 0.000000000000 1.000000000000 0.000000000000
0.000000000000 0.000000000000 0.000000000000 1.000000000000
1 21 60
1.000000000000 0.000000000000 0.000000000000 0.000000000000
0.000000000000 1.000000000000 0.000000000000 0.000000000000
0.000000000000 0.000000000000 1.000000000000 0.000000000000
0.000000000000 0.000000000000 0.000000000000 1.000000000000
1 22 60
1.000000000000 0.000000000000 0.000000000000 0.000000000000
0.000000000000 1.000000000000 0.000000000000 0.000000000000
0.000000000000 0.000000000000 1.000000000000 0.000000000000
0.000000000000 0.000000000000 0.000000000000 1.000000000000
1 23 60
1.000000000000 0.000000000000 0.000000000000 0.000000000000
0.000000000000 1.000000000000 0.000000000000 0.000000000000
0.000000000000 0.000000000000 1.000000000000 0.000000000000
0.000000000000 0.000000000000 0.000000000000 1.000000000000
1 24 60
0.291622601989 0.782182446275 0.550587757536 -1.903534387717
0.309262133841 -0.621792472861 0.719535303696 -2.017282591740
0.905159207312 -0.039556812724 -0.423228151221 3.876239044915
0.000000000000 0.000000000000 0.000000000000 1.000000000000
1 25 60
1.000000000000 0.000000000000 0.000000000000 0.000000000000
0.000000000000 1.000000000000 0.000000000000 0.000000000000
0.000000000000 0.000000000000 1.000000000000 0.000000000000
0.000000000000 0.000000000000 0.000000000000 1.000000000000
1 26 60
0.811737732982 0.250314699190 -0.527659363816 2.425856310635
-0.274069020725 0.961097757688 0.034311398197 -0.456521102219
0.515720878705 0.116763228529 0.848762819480 0.349836468011
0.000000000000 0.000000000000 0.000000000000 1.000000000000
1 27 60
0.538102947903 -0.376886137181 -0.753924437234 2.032727578426
0.268270967784 0.924529084392 -0.270696619776 0.601026718045
0.799046873032 -0.056593389324 0.598599434499 0.712820223837
0.000000000000 0.000000000000 0.000000000000 1.000000000000
1 28 60
0.220936446190 0.301545807831 -0.927500518881 1.761445818720
-0.328945578557 0.918316620296 0.220203068179 -0.866352975737
0.918140453903 0.256446311472 0.302081770784 1.492276820751
0.000000000000 0.000000000000 0.000000000000 1.000000000000
1 29 60
0.283422134133 0.277809486418 -0.917874600988 1.281467163335
-0.303406771020 0.933932333709 0.188983404963 -1.063274604256
0.909734150828 0.224927288937 0.348986374389 1.651335852879
0.000000000000 0.000000000000 0.000000000000 1.000000000000
1 30 60
1.000000000000 0.000000000000 0.000000000000 0.000000000000
0.000000000000 1.000000000000 0.000000000000 0.000000000000
0.000000000000 0.000000000000 1.000000000000 0.000000000000
0.000000000000 0.000000000000 0.000000000000 1.000000000000
1 31 60
1.000000000000 0.000000000000 0.000000000000 0.000000000000
0.000000000000 1.000000000000 0.000000000000 0.000000000000
0.000000000000 0.000000000000 1.000000000000 0.000000000000
0.000000000000 0.000000000000 0.000000000000 1.000000000000
1 32 60
-0.621785753157 0.521584029903 -0.584236747322 0.344022217027
-0.429084082799 0.397184888390 0.811252743800 -1.305760119812
0.655186482660 0.755112087166 -0.023160499897 1.832857743059
0.000000000000 0.000000000000 0.000000000000 1.000000000000
1 33 60
1.000000000000 0.000000000000 0.000000000000 0.000000000000
0.000000000000 1.000000000000 0.000000000000 0.000000000000
0.000000000000 0.000000000000 1.000000000000 0.000000000000
0.000000000000 0.000000000000 0.000000000000 1.000000000000
1 34 60
1.000000000000 0.000000000000 0.000000000000 0.000000000000
0.000000000000 1.000000000000 0.000000000000 0.000000000000
0.000000000000 0.000000000000 1.000000000000 0.000000000000
0.000000000000 0.000000000000 0.000000000000 1.000000000000
1 35 60
1.000000000000 0.000000000000 0.000000000000 0.000000000000
0.000000000000 1.000000000000 0.000000000000 0.000000000000
0.000000000000 0.000000000000 1.000000000000 0.000000000000
0.000000000000 0.000000000000 0.000000000000 1.000000000000
1 36 60
1.000000000000 0.000000000000 0.000000000000 0.000000000000
0.000000000000 1.000000000000 0.000000000000 0.000000000000
0.000000000000 0.000000000000 1.000000000000 0.000000000000
0.000000000000 0.000000000000 0.000000000000 1.000000000000
1 37 60
0.255307351735 -0.755058023564 0.603908550364 0.046009876538
0.550289324850 0.627050327442 0.551352469670 -1.100832229584
-0.794984160286 0.191560089547 0.575590928513 1.034330943898
0.000000000000 0.000000000000 0.000000000000 1.000000000000
1 38 60
0.556005148611 -0.689409300252 0.464298493908 -0.208377394934
0.499372246861 0.723617609394 0.476450327358 -0.874065194488
-0.664443852995 -0.033051052951 0.746606987722 0.594974522958
0.000000000000 0.000000000000 0.000000000000 1.000000000000
1 39 60
0.681109563364 -0.509721257694 0.525617733860 -0.147782336909
0.365297835283 0.858719461096 0.359386113633 -0.602503655623
-0.634544919002 -0.052774298571 0.771082109233 0.218781786773
0.000000000000 0.000000000000 0.000000000000 1.000000000000
1 40 60
0.982215967097 -0.091224956305 -0.164103020466 -0.328080176179
0.023349453828 0.926593503572 -0.375338889731 -0.051418299411
0.186297066496 0.364832134667 0.912244987122 -0.378343588189
0.000000000000 0.000000000000 0.000000000000 1.000000000000
1 41 60
0.971189340213 -0.149721707501 -0.185404087763 -0.360033143874
0.056673656788 0.900784565960 -0.430552275984 -0.174341594869
0.231472162651 0.407640253203 0.883317644953 -0.069623735932
0.000000000000 0.000000000000 0.000000000000 1.000000000000
1 42 60
1.000000000000 0.000000000000 0.000000000000 0.000000000000
0.000000000000 1.000000000000 0.000000000000 0.000000000000
0.000000000000 0.000000000000 1.000000000000 0.000000000000
0.000000000000 0.000000000000 0.000000000000 1.000000000000
1 43 60
0.942249667450 -0.213033325825 -0.258422843956 -0.179687749374
0.105083947502 0.920706737261 -0.375841014181 -0.660666899444
0.317998314725 0.326979978058 0.889921999830 0.744766339397
0.000000000000 0.000000000000 0.000000000000 1.000000000000
1 44 60
1.000000000000 0.000000000000 0.000000000000 0.000000000000
0.000000000000 1.000000000000 0.000000000000 0.000000000000
0.000000000000 0.000000000000 1.000000000000 0.000000000000
0.000000000000 0.000000000000 0.000000000000 1.000000000000
1 45 60
1.000000000000 0.000000000000 0.000000000000 0.000000000000
0.000000000000 1.000000000000 0.000000000000 0.000000000000
0.000000000000 0.000000000000 1.000000000000 0.000000000000
0.000000000000 0.000000000000 0.000000000000 1.000000000000
1 46 60
1.000000000000 0.000000000000 0.000000000000 0.000000000000
0.000000000000 1.000000000000 0.000000000000 0.000000000000
0.000000000000 0.000000000000 1.000000000000 0.000000000000
0.000000000000 0.000000000000 0.000000000000 1.000000000000
1 47 60
1.000000000000 0.000000000000 0.000000000000 0.000000000000
0.000000000000 1.000000000000 0.000000000000 0.000000000000
0.000000000000 0.000000000000 1.000000000000 0.000000000000
0.000000000000 0.000000000000 0.000000000000 1.000000000000
1 48 60
1.000000000000 0.000000000000 0.000000000000 0.000000000000
0.000000000000 1.000000000000 0.000000000000 0.000000000000
0.000000000000 0.000000000000 1.000000000000 0.000000000000
0.000000000000 0.000000000000 0.000000000000 1.000000000000
1 49 60
1.000000000000 0.000000000000 0.000000000000 0.000000000000
0.000000000000 1.000000000000 0.000000000000 0.000000000000
0.000000000000 0.000000000000 1.000000000000 0.000000000000
0.000000000000 0.000000000000 0.000000000000 1.000000000000
1 50 60
1.000000000000 0.000000000000 0.000000000000 0.000000000000
0.000000000000 1.000000000000 0.000000000000 0.000000000000
0.000000000000 0.000000000000 1.000000000000 0.000000000000
0.000000000000 0.000000000000 0.000000000000 1.000000000000
1 51 60
1.000000000000 0.000000000000 0.000000000000 0.000000000000
0.000000000000 1.000000000000 0.000000000000 0.000000000000
0.000000000000 0.000000000000 1.000000000000 0.000000000000
0.000000000000 0.000000000000 0.000000000000 1.000000000000
1 52 60
1.000000000000 0.000000000000 0.000000000000 0.000000000000
0.000000000000 1.000000000000 0.000000000000 0.000000000000
0.000000000000 0.000000000000 1.000000000000 0.000000000000
0.000000000000 0.000000000000 0.000000000000 1.000000000000
1 53 60
1.000000000000 0.000000000000 0.000000000000 0.000000000000
0.000000000000 1.000000000000 0.000000000000 0.000000000000
0.000000000000 0.000000000000 1.000000000000 0.000000000000
0.000000000000 0.000000000000 0.000000000000 1.000000000000
1 54 60
1.000000000000 0.000000000000 0.000000000000 0.000000000000
0.000000000000 1.000000000000 0.000000000000 0.000000000000
0.000000000000 0.000000000000 1.000000000000 0.000000000000
0.000000000000 0.000000000000 0.000000000000 1.000000000000
1 55 60
1.000000000000 0.000000000000 0.000000000000 0.000000000000
0.000000000000 1.000000000000 0.000000000000 0.000000000000
0.000000000000 0.000000000000 1.000000000000 0.000000000000
0.000000000000 0.000000000000 0.000000000000 1.000000000000
1 56 60
1.000000000000 0.000000000000 0.000000000000 0.000000000000
0.000000000000 1.000000000000 0.000000000000 0.000000000000
0.000000000000 0.000000000000 1.000000000000 0.000000000000
0.000000000000 0.000000000000 0.000000000000 1.000000000000
1 57 60
1.000000000000 0.000000000000 0.000000000000 0.000000000000
0.000000000000 1.000000000000 0.000000000000 0.000000000000
0.000000000000 0.000000000000 1.000000000000 0.000000000000
0.000000000000 0.000000000000 0.000000000000 1.000000000000
1 58 60
1.000000000000 0.000000000000 0.000000000000 0.000000000000
0.000000000000 1.000000000000 0.000000000000 0.000000000000
0.000000000000 0.000000000000 1.000000000000 0.000000000000
0.000000000000 0.000000000000 0.000000000000 1.000000000000
1 59 60
1.000000000000 0.000000000000 0.000000000000 0.000000000000
0.000000000000 1.000000000000 0.000000000000 0.000000000000
0.000000000000 0.000000000000 1.000000000000 0.000000000000
0.000000000000 0.000000000000 0.000000000000 1.000000000000
2 3 60
0.998253433707 0.015544868757 -0.056995080031 0.137042643303
-0.023594120970 0.989383574867 -0.143399648668 -0.301231559874
0.054160867312 0.144493940488 0.988022318379 0.198753532264
0.000000000000 0.000000000000 0.000000000000 1.000000000000
2 4 60
0.876686958366 -0.161302205823 0.453212505816 0.275088356492
0.210506224243 0.975754406781 -0.059920507365 -0.320097792643
-0.432558789746 0.147935580725 0.889386281302 0.037897439937
0.000000000000 0.000000000000 0.000000000000 1.000000000000
2 5 60
1.000000000000 0.000000000000 0.000000000000 0.000000000000
0.000000000000 1.000000000000 0.000000000000 0.000000000000
0.000000000000 0.000000000000 1.000000000000 0.000000000000
0.000000000000 0.000000000000 0.000000000000 1.000000000000
2 6 60
1.000000000000 0.000000000000 0.000000000000 0.000000000000
0.000000000000 1.000000000000 0.000000000000 0.000000000000
0.000000000000 0.000000000000 1.000000000000 0.000000000000
0.000000000000 0.000000000000 0.000000000000 1.000000000000
2 7 60
-0.169405880317 -0.047459481740 0.984402989282 -2.652370829682
0.211455696531 0.973828060058 0.083339053564 0.175187653559
-0.962594481658 0.222275745499 -0.154936622023 1.307362308834
0.000000000000 0.000000000000 0.000000000000 1.000000000000
2 8 60
1.000000000000 0.000000000000 0.000000000000 0.000000000000
0.000000000000 1.000000000000 0.000000000000 0.000000000000
0.000000000000 0.000000000000 1.000000000000 0.000000000000
0.000000000000 0.000000000000 0.000000000000 1.000000000000
2 9 60
1.000000000000 0.000000000000 0.000000000000 0.000000000000
0.000000000000 1.000000000000 0.000000000000 0.000000000000
0.000000000000 0.000000000000 1.000000000000 0.000000000000
0.000000000000 0.000000000000 0.000000000000 1.000000000000
2 10 60
0.950584300969 -0.079104823499 0.300219775582 0.850135386912
0.117426850426 0.986767757449 -0.111804864200 0.194656032423
-0.287402890644 0.141533811363 0.947294969210 -0.451823112347
0.000000000000 0.000000000000 0.000000000000 1.000000000000
2 11 60
0.902725508347 -0.298314481518 0.309992139734 0.813337983552
0.328321527280 0.943329880885 -0.048308493599 0.040542870754
-0.278013725029 0.145386402204 0.949511012443 -0.211953601076
0.000000000000 0.000000000000 0.000000000000 1.000000000000
2 12 60
0.945573735530 -0.259679270765 0.196104530825 0.609871103769
0.276140338543 0.959154866567 -0.061387746092 -0.090368098457
-0.172153489958 0.112199011919 0.978659571874 0.137636350400
0.000000000000 0.000000000000 0.000000000000 1.000000000000
2 13 60
0.969201184978 -0.228033589013 0.093004007007 0.353047178352
0.235854151969 0.968143191233 -0.084092688550 -0.186149937208
-0.070865238561 0.103438114593 0.992108196929 0.229946145559
0.000000000000 0.000000000000 0.000000000000 1.000000000000
2 14 60
0.922987773308 -0.322137743269 0.210525164017 0.262278282303
0.329630953730 0.944109713688 -0.000531848207 -0.349341077539
-0.198587523943 0.069886499991 0.977588293942 0.511907095999
0.000000000000 0.000000000000 0.000000000000 1.000000000000
2 15 60
1.000000000000 0.000000000000 0.000000000000 0.000000000000
0.000000000000 1.000000000000 0.000000000000 0.000000000000
0.000000000000 0.000000000000 1.000000000000 0.000000000000
0.000000000000 0.000000000000 0.000000000000 1.000000000000
2 16 60
1.000000000000 0.000000000000 0.000000000000 0.000000000000
0.000000000000 1.000000000000 0.000000000000 0.000000000000
0.000000000000 0.000000000000 1.000000000000 0.000000000000
0.000000000000 0.000000000000 0.000000000000 1.000000000000
2 17 60
1.000000000000 0.000000000000 0.000000000000 0.000000000000
0.000000000000 1.000000000000 0.000000000000 0.000000000000
0.000000000000 0.000000000000 1.000000000000 0.000000000000
0.000000000000 0.000000000000 0.000000000000 1.000000000000
2 18 60
1.000000000000 0.000000000000 0.000000000000 0.000000000000
0.000000000000 1.000000000000 0.000000000000 0.000000000000
0.000000000000 0.000000000000 1.000000000000 0.000000000000
0.000000000000 0.000000000000 0.000000000000 1.000000000000
2 19 60
1.000000000000 0.000000000000 0.000000000000 0.000000000000
0.000000000000 1.000000000000 0.000000000000 0.000000000000
0.000000000000 0.000000000000 1.000000000000 0.000000000000
0.000000000000 0.000000000000 0.000000000000 1.000000000000
2 20 60
1.000000000000 0.000000000000 0.000000000000 0.000000000000
0.000000000000 1.000000000000 0.000000000000 0.000000000000
0.000000000000 0.000000000000 1.000000000000 0.000000000000
0.000000000000 0.000000000000 0.000000000000 1.000000000000
2 21 60
1.000000000000 0.000000000000 0.000000000000 0.000000000000
0.000000000000 1.000000000000 0.000000000000 0.000000000000
0.000000000000 0.000000000000 1.000000000000 0.000000000000
0.000000000000 0.000000000000 0.000000000000 1.000000000000
2 22 60
1.000000000000 0.000000000000 0.000000000000 0.000000000000
0.000000000000 1.000000000000 0.000000000000 0.000000000000
0.000000000000 0.000000000000 1.000000000000 0.000000000000
0.000000000000 0.000000000000 0.000000000000 1.000000000000
2 23 60
1.000000000000 0.000000000000 0.000000000000 0.000000000000
0.000000000000 1.000000000000 0.000000000000 0.000000000000
0.000000000000 0.000000000000 1.000000000000 0.000000000000
0.000000000000 0.000000000000 0.000000000000 1.000000000000
2 24 60
1.000000000000 0.000000000000 0.000000000000 0.000000000000
0.000000000000 1.000000000000 0.000000000000 0.000000000000
0.000000000000 0.000000000000 1.000000000000 0.000000000000
0.000000000000 0.000000000000 0.000000000000 1.000000000000
2 25 60
0.938046605574 -0.296717750433 -0.178961287294 1.267662726876
0.316047165905 0.944388152471 0.090803118862 0.066112143935
0.142066022310 -0.141737765080 0.979656904868 -0.645863113103
0.000000000000 0.000000000000 0.000000000000 1.000000000000
2 26 60
1.000000000000 0.000000000000 0.000000000000 0.000000000000
0.000000000000 1.000000000000 0.000000000000 0.000000000000
0.000000000000 0.000000000000 1.000000000000 0.000000000000
0.000000000000 0.000000000000 0.000000000000 1.000000000000
2 27 60
0.530756743670 0.234935708985 -0.814311053402 2.779190386810
-0.271350832838 0.957340407172 0.099338161421 -0.220102245393
0.802910956811 0.168239583452 0.571864877391 0.365703737502
0.000000000000 0.000000000000 0.000000000000 1.000000000000
2 28 60
0.425440619738 0.304627201828 -0.852175185618 2.333053201331
-0.328154327720 0.929486000585 0.168435482943 -0.639055829146
0.843394934936 0.207985678887 0.495405834748 0.814146875156
0.000000000000 0.000000000000 0.000000000000 1.000000000000
2 29 60
0.483352553137 0.230394645298 -0.844564157891 1.914062725878
-0.281342377592 0.954450013599 0.099356117637 -0.763678910857
0.828985389465 0.189587655081 0.526155628207 1.077924852376
0.000000000000 0.000000000000 0.000000000000 1.000000000000
2 30 60
0.324274353272 0.329612349865 -0.886680236966 1.438362519558
-0.340329675751 0.915218443770 0.215756603577 -1.056844796066
0.882622147702 0.231799264452 0.408958733109 1.357708495298
0.000000000000 0.000000000000 0.000000000000 1.000000000000
2 31 60
0.012805715576 0.566508964499 -0.823956070911 0.918652588896
-0.527411992933 0.703903091340 0.475769931493 -1.101081235335
0.849513156672 0.428471739026 0.307797604762 1.364969513773
0.000000000000 0.000000000000 0.000000000000 1.000000000000
2 32 60
-0.440484708123 0.704935342562 -0.555913108963 0.892324782784
-0.510070790784 0.313057150854 0.801138570216 -1.142344494532
0.738783466449 0.636444328364 0.221670039913 1.229898335301
0.000000000000 0.000000000000 0.000000000000 1.000000000000
2 33 60
1.000000000000 0.000000000000 0.000000000000 0.000000000000
0.000000000000 1.000000000000 0.000000000000 0.000000000000
0.000000000000 0.000000000000 1.000000000000 0.000000000000
0.000000000000 0.000000000000 0.000000000000 1.000000000000
2 34 60
1.000000000000 0.000000000000 0.000000000000 0.000000000000
0.000000000000 1.000000000000 0.000000000000 0.000000000000
0.000000000000 0.000000000000 1.000000000000 0.000000000000
0.000000000000 0.000000000000 0.000000000000 1.000000000000
2 35 60
1.000000000000 0.000000000000 0.000000000000 0.000000000000
0.000000000000 1.000000000000 0.000000000000 0.000000000000
0.000000000000 0.000000000000 1.000000000000 0.000000000000
0.000000000000 0.000000000000 0.000000000000 1.000000000000
2 36 60
0.304432826921 -0.403305102896 0.862940118357 -0.527220853076
0.207892714510 0.912233816280 0.353001534968 -1.407255391759
-0.929570477773 0.071933708467 0.361558112120 1.561108788176
0.000000000000 0.000000000000 0.000000000000 1.000000000000
2 37 60
1.000000000000 0.000000000000 0.000000000000 0.000000000000
0.000000000000 1.000000000000 0.000000000000 0.000000000000
0.000000000000 0.000000000000 1.000000000000 0.000000000000
0.000000000000 0.000000000000 0.000000000000 1.000000000000
2 38 60
0.886697527517 0.212456586589 -0.410645459626 1.582963175903
-0.138948894897 0.969562964230 0.201595791129 -0.468370947413
0.440976982736 -0.121695756742 0.889229691074 0.320158621113
0.000000000000 0.000000000000 0.000000000000 1.000000000000
2 39 60
1.000000000000 0.000000000000 0.000000000000 0.000000000000
0.000000000000 1.000000000000 0.000000000000 0.000000000000
0.000000000000 0.000000000000 1.000000000000 0.000000000000
0.000000000000 0.000000000000 0.000000000000 1.000000000000
2 40 60
0.995869741078 -0.049207517507 0.076302549281 -0.256404621183
0.076977482019 0.903237398892 -0.422180848102 0.206227747001
-0.048144844668 0.426310710002 0.903294665361 -0.548557569797
0.000000000000 0.000000000000 0.000000000000 1.000000000000
2 41 60
0.991632026982 -0.121990026027 0.042241645491 -0.212423715503
0.127157263883 0.866465350571 -0.482772023322 0.067954438446
0.022292449521 0.484103532119 0.874726709827 -0.275733118008
0.000000000000 0.000000000000 0.000000000000 1.000000000000
2 42 60
0.987108663953 -0.098841452443 0.125884283485 -0.078767985363
0.142972459772 0.898075717709 -0.415955383434 -0.248824797317
-0.071939983989 0.428591148462 0.900629927420 0.118630017413
0.000000000000 0.000000000000 0.000000000000 1.000000000000
2 43 60
0.991007383782 -0.130287541652 0.030488059624 0.051597699338
0.129737585094 0.879825712011 -0.457247061771 -0.397775192691
0.032749416839 0.457090661658 0.888816968066 0.522268411248
0.000000000000 0.000000000000 0.000000000000 1.000000000000
2 44 60
0.942902192938 -0.143907769315 0.300376444623 0.060041422909
0.240668548950 0.917809333187 -0.315760474824 -0.700882267988
-0.230247918775 0.370022407220 0.900038506985 0.816510844869
0.000000000000 0.000000000000 0.000000000000 1.000000000000
2 45 60
1.000000000000 0.000000000000 0.000000000000 0.000000000000
0.000000000000 1.000000000000 0.000000000000 0.000000000000
0.000000000000 0.000000000000 1.000000000000 0.000000000000
0.000000000000 0.000000000000 0.000000000000 1.000000000000
2 46 60
