0 1 60
0.996877054911 0.064715830123 -0.045254819896 -0.106609587531
-0.063997267328 0.997802661588 0.017152209837 -0.042407667718
0.046265399240 -0.014202459620 0.998828214947 0.124088623789
0.000000000000 0.000000000000 0.000000000000 1.000000000000
0 2 60
0.956457993246 0.097828821379 -0.274986597608 -0.344418839426
-0.082220260875 0.994308329698 0.067755252158 -0.207502461395
0.280049881018 -0.042195582718 0.959057660905 0.362709880428
0.000000000000 0.000000000000 0.000000000000 1.000000000000
0 3 60
0.931878970523 0.093089670631 -0.350622157771 -0.269350820122
-0.120965276403 0.990936905860 -0.058407623725 -0.523011839970
0.342007289692 0.096841942495 0.934693881424 0.609913330526
0.000000000000 0.000000000000 0.000000000000 1.000000000000
0 4 60
0.979632694750 -0.077938984933 0.185054851339 -0.096192045730
0.091102304639 0.993801110527 -0.063715954083 -0.490590977976
-0.178941759984 0.079277155239 0.980660481100 0.517939015825
0.000000000000 0.000000000000 0.000000000000 1.000000000000
0 5 60
0.947530027465 -0.196196186538 0.252376511268 0.115256417117
0.228774351400 0.967614400145 -0.106698963317 -0.219454553790
-0.223269216851 0.158837744316 0.961728354468 0.333353890087
0.000000000000 0.000000000000 0.000000000000 1.000000000000
0 6 60
0.956267099705 -0.152558391624 0.249557951522 0.381603759169
0.175588804754 0.981779046004 -0.072653124312 0.015858085618
-0.233926923777 0.113295374895 0.965630546513 0.301950890734
0.000000000000 0.000000000000 0.000000000000 1.000000000000
0 7 60
0.967619845780 -0.111420045559 0.226489309902 0.652690737701
0.124192238202 0.991330277715 -0.042901846771 0.134053030351
-0.219745584763 0.069640892682 0.973068355278 0.082990565415
0.000000000000 0.000000000000 0.000000000000 1.000000000000
0 8 60
0.291312251463 0.402724442581 -0.867727028215 1.544791554705
-0.807943697478 0.589255432147 0.002239953140 0.601119586577
0.512214948876 0.700422057786 0.497036001830 0.777639620432
0.000000000000 0.000000000000 0.000000000000 1.000000000000
0 9 60
0.963358562592 -0.014363303526 0.267831990980 1.185035860407
0.030529541009 0.997947414644 -0.056293025595 -0.032108411534
-0.266473689145 0.062407155973 0.961819691978 0.032977814877
0.000000000000 0.000000000000 0.000000000000 1.000000000000
0 10 60
0.999474362520 -0.022535786477 -0.023305299685 0.737878942825
0.021037016355 0.997812592350 -0.062669565907 -0.176273107801
0.024666629450 0.062146350464 0.997762190362 0.194129773369
0.000000000000 0.000000000000 0.000000000000 1.000000000000
0 11 60
0.973851728245 -0.220153478122 0.056082595020 0.463720871492
0.222043945175 0.974575453259 -0.029986202100 -0.217997695625
-0.048055153774 0.041654915393 0.997975736288 0.382639844817
0.000000000000 0.000000000000 0.000000000000 1.000000000000
0 12 60
0.985133199335 -0.157456063530 -0.068703476082 0.177287901452
0.156633921662 0.987506465875 -0.017227723001 -0.347123926913
0.070557736307 0.006210306986 0.997488364812 0.670472373376
0.000000000000 0.000000000000 0.000000000000 1.000000000000
0 13 60
0.974551875496 -0.129067329900 -0.183276475086 -0.091920754822
0.126572476748 0.991634765458 -0.025296246075 -0.418025294905
0.185008243323 0.001454746675 0.982735892096 0.704744703818
0.000000000000 0.000000000000 0.000000000000 1.000000000000
0 14 60
0.975489231019 -0.213926183715 -0.051539771900 -0.275074938975
0.216330089502 0.975203488150 0.046684570001 -0.560330648305
0.040274713437 -0.056689898758 0.997579171212 0.950206276404
0.000000000000 0.000000000000 0.000000000000 1.000000000000
0 15 60
0.871045261747 -0.424936814844 0.246391670677 -0.131752823435
0.385128635007 0.902158016405 0.194388394545 -0.626868262776
-0.304887006097 -0.074428602202 0.949475801001 1.068487086359
0.000000000000 0.000000000000 0.000000000000 1.000000000000
0 16 60
1.000000000000 0.000000000000 0.000000000000 0.000000000000
0.000000000000 1.000000000000 0.000000000000 0.000000000000
0.000000000000 0.000000000000 1.000000000000 0.000000000000
0.000000000000 0.000000000000 0.000000000000 1.000000000000
0 17 60
-0.789396297712 0.286318048334 0.543024364423 -1.125080576559
-0.597080341394 -0.152551646106 -0.787542418661 1.814166176322
-0.142648347623 -0.945912242477 0.291378582693 1.498108291194
0.000000000000 0.000000000000 0.000000000000 1.000000000000
0 18 60
0.586064573774 -0.409816145148 0.698984293488 -0.029362843387
0.428042705732 0.889054623194 0.162361692057 -0.477304984772
-0.687973660424 0.204040692396 0.696462230426 0.655492018308
0.000000000000 0.000000000000 0.000000000000 1.000000000000
0 19 60
0.812096234549 -0.365688866692 0.454721187772 0.114901756975
0.401765793629 0.915550122321 0.018767540822 -0.187023008204
-0.423183119820 0.167450369651 0.890436084625 0.281875350358
0.000000000000 0.000000000000 0.000000000000 1.000000000000
0 20 60
0.812181254256 -0.340601245688 0.473658528552 0.081901580454
0.302500622286 0.940079658248 0.157301016097 -0.236957683419
-0.498853669678 0.015525063089 0.866547164709 -0.407283523120
0.000000000000 0.000000000000 0.000000000000 1.000000000000
0 21 60
0.520551507983 -0.402850558052 0.752819736334 -1.663858049673
0.307675911048 0.910966013007 0.274729788897 -0.741938502119
-0.796468242492 0.088613492333 0.598152144256 0.613822063218
0.000000000000 0.000000000000 0.000000000000 1.000000000000
0 22 60
-0.990536396327 0.131217732248 -0.040243686405 -0.265285944359
-0.035907909492 -0.530758452239 -0.846762119732 2.780847961752
-0.132469881813 -0.837303631976 0.530447319054 1.227852693991
0.000000000000 0.000000000000 0.000000000000 1.000000000000
0 23 60
0.874730905993 0.222910957346 -0.430298207289 1.472346592880
-0.223342049852 0.973443478578 0.050260548968 -0.599833660400
0.430074610816 0.052139228129 0.901286486097 0.608216746813
0.000000000000 0.000000000000 0.000000000000 1.000000000000
0 24 60
0.234495309716 0.622850760127 -0.746370471235 1.625996443990
-0.655614821412 0.668215864929 0.351648636855 -1.363383049783
0.717761210757 0.406871587195 0.565043676070 1.430392614395
0.000000000000 0.000000000000 0.000000000000 1.000000000000
0 25 60
0.957135471052 -0.177527761166 -0.228857125886 2.021254893137
0.192785681166 0.980164491712 0.045948344086 -0.017924562355
0.216160521814 -0.088099166865 0.972375012846 0.099168777535
0.000000000000 0.000000000000 0.000000000000 1.000000000000
0 26 60
0.775596679176 0.115710012054 -0.620532822953 2.399046700670
-0.118230992912 0.992287001965 0.037255040547 -0.302650004505
0.620057435700 0.044471326061 0.783295013128 0.745232218530
0.000000000000 0.000000000000 0.000000000000 1.000000000000
0 27 60
0.291062209699 0.311154732763 -0.904690843529 2.124672719747
-0.292187380665 0.929362632797 0.225636059485 -0.693213303873
0.910993592000 0.198665117821 0.361417827861 1.360188757486
0.000000000000 0.000000000000 0.000000000000 1.000000000000
0 28 60
0.175523060792 0.338149405674 -0.924579166201 1.566358878682
-0.287411433868 0.915846287768 0.280393018570 -0.981266195395
0.941587129697 0.216519183038 0.257940149191 1.729264926538
0.000000000000 0.000000000000 0.000000000000 1.000000000000
0 29 60
0.244388395831 0.320809903467 -0.915071209153 1.052795400299
-0.289309460346 0.924828860564 0.246964804823 -1.144699951079
0.925513018891 0.204383425221 0.318830781697 1.834195139854
0.000000000000 0.000000000000 0.000000000000 1.000000000000
0 30 60
0.034241982198 0.355999680988 -0.933858508443 0.527617192410
-0.412706323743 0.856051640384 0.311205847211 -1.308671976835
0.910220290368 0.374753006835 0.176236224625 1.989325341836
0.000000000000 0.000000000000 0.000000000000 1.000000000000
0 31 60
-0.314167646722 0.456524053795 -0.832396827276 0.050845530909
-0.472552611784 0.685258130783 0.554179865470 -1.260633430186
0.823403132645 0.567456678965 0.000445699617 1.989483554520
0.000000000000 0.000000000000 0.000000000000 1.000000000000
0 32 60
-0.692661912461 0.507052910156 -0.512949141074 0.077065852074
-0.357688096389 0.376082114559 0.854763984273 -1.341379656481
0.626321563359 0.775538257864 -0.079130966511 2.056094003224
0.000000000000 0.000000000000 0.000000000000 1.000000000000
0 33 60
-0.938858794151 0.342899478360 0.031050159181 -0.483289452462
-0.069467252534 -0.100326293893 -0.992526541499 2.239755281515
-0.337221685942 -0.933999241164 0.118012507963 2.171576635345
0.000000000000 0.000000000000 0.000000000000 1.000000000000
0 34 60
1.000000000000 0.000000000000 0.000000000000 0.000000000000
0.000000000000 1.000000000000 0.000000000000 0.000000000000
0.000000000000 0.000000000000 1.000000000000 0.000000000000
0.000000000000 0.000000000000 0.000000000000 1.000000000000
0 35 60
0.891742623948 -0.447463343091 -0.067613972111 -0.474574773804
0.451817798337 0.871865833496 0.188972605123 -0.401285080702
-0.025608001490 -0.199064122763 0.979651828605 0.029073216926
0.000000000000 0.000000000000 0.000000000000 1.000000000000
0 36 60
0.953455033529 -0.113054621036 -0.279539177398 -0.644634557968
0.131378183528 0.990186825014 0.047642674805 -0.426305720677
0.271409785989 -0.082150497455 0.958951523195 -0.008243509170
0.000000000000 0.000000000000 0.000000000000 1.000000000000
0 37 60
0.368226843413 -0.666580919658 0.648134916000 -0.273115806005
0.508397229180 0.728023754154 0.459906154286 -1.088844740932
-0.778422282025 0.160160203970 0.606965781500 1.175446520650
0.000000000000 0.000000000000 0.000000000000 1.000000000000
0 38 60
0.642647678017 -0.610004713780 0.463571149994 -0.412348903247
0.425346134315 0.787308207138 0.446347905782 -0.855583963541
-0.637247697495 -0.089666248609 0.765424938121 0.700375178786
0.000000000000 0.000000000000 0.000000000000 1.000000000000
0 39 60
0.688686669421 -0.495801989039 0.529047312654 -0.349587830823
0.335876571440 0.864803269101 0.373232145600 -0.655563938350
-0.642571085654 -0.079345405770 0.762106755294 0.360722224346
0.000000000000 0.000000000000 0.000000000000 1.000000000000
0 40 60
0.976803051797 -0.033739891515 -0.211464932601 -0.452508992975
-0.046487723820 0.930547306264 -0.363208758621 -0.014894559604
0.209032747515 0.364613947245 0.907392957842 -0.249468676372
0.000000000000 0.000000000000 0.000000000000 1.000000000000
0 41 60
0.956793526095 -0.115795343198 -0.266716304180 -0.434897759488
-0.001522103099 0.915274348779 -0.402828188772 -0.185581493271
0.290764219986 0.385829372859 0.875552319062 0.030892738851
0.000000000000 0.000000000000 0.000000000000 1.000000000000
0 42 60
0.978709633400 -0.124576374803 -0.163120140792 -0.494582848631
0.049095576432 0.913759991667 -0.403276954466 -0.339120639104
0.199291439520 0.386682562924 0.900421855390 0.484465754905
0.000000000000 0.000000000000 0.000000000000 1.000000000000
0 43 60
0.965013239524 -0.081591126996 -0.249183337201 -0.532780167057
-0.006605408741 0.942485201639 -0.334182604673 -0.679406420287
0.262117943145 0.324136595722 0.908971754894 0.859680047632
0.000000000000 0.000000000000 0.000000000000 1.000000000000
0 44 60
0.992339786669 -0.123501562094 0.003018601460 -0.576744891635
0.120605359814 0.963197296119 -0.240219307992 -0.926820321667
0.026759951017 0.238743236362 0.970713949685 1.178909750825
0.000000000000 0.000000000000 0.000000000000 1.000000000000
0 45 60
0.971987195562 -0.121354758533 0.201280685224 -0.551368273832
0.183183372441 0.927709791171 -0.325266652804 -0.821217049808
-0.147257406346 0.353026296396 0.923952212146 1.465790755607
0.000000000000 0.000000000000 0.000000000000 1.000000000000
0 46 60
0.871433687851 -0.154082911599 0.465684210631 -0.494292804128
0.283033196046 0.933343882218 -0.220819852964 -0.959031646161
-0.400618943155 0.324233949302 0.856957880240 1.681414956855
0.000000000000 0.000000000000 0.000000000000 1.000000000000
0 47 60
0.772231186216 -0.188091713861 0.606861188586 -0.293030677080
0.326221895500 0.937033223414 -0.124691672196 -1.022229540587
-0.545195625378 0.294262205177 0.784965913065 1.758159973343
0.000000000000 0.000000000000 0.000000000000 1.000000000000
0 48 60
1.000000000000 0.000000000000 0.000000000000 0.000000000000
0.000000000000 1.000000000000 0.000000000000 0.000000000000
0.000000000000 0.000000000000 1.000000000000 0.000000000000
0.000000000000 0.000000000000 0.000000000000 1.000000000000
0 49 60
-0.891795206959 -0.428097401664 -0.146403290719 0.863533313630
0.452120124739 -0.855372288022 -0.252835206588 -0.888849818389
-0.016991222767 -0.291669099447 0.956368357264 1.526781214471
0.000000000000 0.000000000000 0.000000000000 1.000000000000
0 50 60
1.000000000000 0.000000000000 0.000000000000 0.000000000000
0.000000000000 1.000000000000 0.000000000000 0.000000000000
0.000000000000 0.000000000000 1.000000000000 0.000000000000
0.000000000000 0.000000000000 0.000000000000 1.000000000000
0 51 60
1.000000000000 0.000000000000 0.000000000000 0.000000000000
0.000000000000 1.000000000000 0.000000000000 0.000000000000
0.000000000000 0.000000000000 1.000000000000 0.000000000000
0.000000000000 0.000000000000 0.000000000000 1.000000000000
0 52 60
1.000000000000 0.000000000000 0.000000000000 0.000000000000
0.000000000000 1.000000000000 0.000000000000 0.000000000000
0.000000000000 0.000000000000 1.000000000000 0.000000000000
0.000000000000 0.000000000000 0.000000000000 1.000000000000
0 53 60
1.000000000000 0.000000000000 0.000000000000 0.000000000000
0.000000000000 1.000000000000 0.000000000000 0.000000000000
0.000000000000 0.000000000000 1.000000000000 0.000000000000
0.000000000000 0.000000000000 0.000000000000 1.000000000000
0 54 60
0.969653812636 0.042645009784 -0.240734058207 -0.267391364771
-0.059061178489 0.996364853138 -0.061391014218 -0.078962166712
0.237240934149 0.073746068178 0.968647643156 -0.326436106258
0.000000000000 0.000000000000 0.000000000000 1.000000000000
0 55 60
0.982971522166 -0.157301912087 0.094989973489 -0.221087969999
0.156397174247 0.987548923514 0.016942477797 0.185292006691
-0.096472330217 -0.001797809754 0.995334043114 -0.393618091101
0.000000000000 0.000000000000 0.000000000000 1.000000000000
0 56 60
0.908554989794 -0.277562471101 0.312228930685 -0.637924505170
0.264836276336 0.960682511459 0.083371811266 0.484427313976
-0.323093759236 0.006941672233 0.946341500691 -0.756315781804
0.000000000000 0.000000000000 0.000000000000 1.000000000000
0 57 60
1.000000000000 0.000000000000 0.000000000000 0.000000000000
0.000000000000 1.000000000000 0.000000000000 0.000000000000
0.000000000000 0.000000000000 1.000000000000 0.000000000000
0.000000000000 0.000000000000 0.000000000000 1.000000000000
0 58 60
0.999677813682 0.024610026883 0.006214129720 0.165628333091
-0.025337338133 0.952943558558 0.302087062780 -0.260299684960
0.001512655848 -0.302147183967 0.953260085755 -0.737558266876
0.000000000000 0.000000000000 0.000000000000 1.000000000000
0 59 60
0.971924356453 0.074854535573 -0.223069145865 0.301852355582
-0.067189392727 0.996865643543 0.041766903500 -0.425260888249
0.225496409812 -0.025606390358 0.973907429859 1.197566834456
0.000000000000 0.000000000000 0.000000000000 1.000000000000
1 2 60
0.967819836712 0.066041363552 -0.242823602573 -0.200320848246
-0.058697109114 0.997576320585 0.037364876412 -0.173116947751
0.244702703393 -0.021909425092 0.969350588819 0.233601548070
0.000000000000 0.000000000000 0.000000000000 1.000000000000
1 3 60
0.952569080216 0.048182110199 -0.300483995702 -0.123117968715
-0.085615823983 0.989936221585 -0.112677450613 -0.466053600903
0.292030954010 0.133059240378 0.947107787134 0.473341994834
0.000000000000 0.000000000000 0.000000000000 1.000000000000
1 4 60
0.969078833120 -0.146003413877 0.198920130544 0.123360617366
0.162841481132 0.984093652415 -0.071009402887 -0.448745802438
-0.185388422567 0.101206157975 0.977439740529 0.373832663642
0.000000000000 0.000000000000 0.000000000000 1.000000000000
1 5 60
0.911885097170 -0.275520870370 0.304226592444 0.210907974925
0.316006428144 0.944285160072 -0.092008009651 -0.186990337279
-0.261926529644 0.180038291646 0.948145931073 0.205788623709
0.000000000000 0.000000000000 0.000000000000 1.000000000000
1 6 60
0.931090688823 -0.228495267271 0.284359002005 0.518830041246
0.255090685548 0.965067347193 -0.059780912748 0.075375919830
-0.260765932079 0.128198783992 0.956852235431 0.158333878354
0.000000000000 0.000000000000 0.000000000000 1.000000000000
1 7 60
0.935586634887 -0.324303306628 0.139660352034 1.015178106818
0.342382396557 0.929915571012 -0.134280770470 0.590832326762
-0.086324638130 0.173448540208 0.981052323147 0.085742778521
0.000000000000 0.000000000000 0.000000000000 1.000000000000
1 8 60
-0.543618064130 -0.833559916341 0.098271390658 -0.932073938489
0.166958643967 0.007351139984 0.985936494885 -2.969169243255
-0.822559548943 0.552380146829 0.135173820810 2.416750777334
0.000000000000 0.000000000000 0.000000000000 1.000000000000
1 9 60
0.093612841276 0.157528637490 -0.983067324408 2.185221045721
-0.623628964320 0.778976626698 0.065439513440 -0.484510911646
0.776095065575 0.606943278593 0.171161636361 1.387938843064
0.000000000000 0.000000000000 0.000000000000 1.000000000000
1 10 60
0.995110058093 -0.098766781540 0.001046492563 0.896730180921
0.098559311575 0.992212801585 -0.076156539259 -0.087628350812
0.006483392958 0.075887279793 0.997095324621 0.046132157796
0.000000000000 0.000000000000 0.000000000000 1.000000000000
1 11 60
0.955171867890 -0.283639717610 0.084824603661 0.617014631428
0.287177359701 0.957320811471 -0.032650084215 -0.161451011131
-0.071943497743 0.055546147644 0.995860812872 0.232565559245
0.000000000000 0.000000000000 0.000000000000 1.000000000000
1 12 60
0.973946802881 -0.225307668638 -0.025769742160 0.319724716031
0.224498809689 0.973984372437 -0.030898652033 -0.306899728354
0.032061029399 0.024308366920 0.999190269014 0.523918321475
0.000000000000 0.000000000000 0.000000000000 1.000000000000
1 13 60
0.973453867046 -0.185872138085 -0.133563157408 0.053894742096
0.179845613333 0.982101936736 -0.055958388327 -0.369138578510
0.141573740849 0.030452161548 0.989459216825 0.563913983098
0.000000000000 0.000000000000 0.000000000000 1.000000000000
1 14 60
0.960061904512 -0.277444679207 -0.036132941806 -0.064324592983
0.278963574617 0.959122828570 0.047568095953 -0.575592111735
0.021458414227 -0.055748091403 0.998214248928 0.814601831939
0.000000000000 0.000000000000 0.000000000000 1.000000000000
1 15 60
0.831924234301 -0.486186676482 0.267440804655 0.076370700458
0.441951602433 0.872001209609 0.210458241812 -0.624770698784
-0.335530698283 -0.056889419498 0.940309919366 0.922367101761
0.000000000000 0.000000000000 0.000000000000 1.000000000000
1 16 60
1.000000000000 0.000000000000 0.000000000000 0.000000000000
0.000000000000 1.000000000000 0.000000000000 0.000000000000
0.000000000000 0.000000000000 1.000000000000 0.000000000000
0.000000000000 0.000000000000 0.000000000000 1.000000000000
1 17 60
0.918997779445 -0.025646668711 -0.393427667760 0.812574550323
-0.033081284802 0.989347122249 -0.141767063502 0.364223480664
0.392872383823 0.143298709283 0.908359383695 -0.411710259385
0.000000000000 0.000000000000 0.000000000000 1.000000000000
1 18 60
0.523569820132 -0.174885902590 0.833840251201 -0.099822130277
0.295143362239 0.955334495621 0.015046501345 -0.391233132983
-0.799227776778 0.238224521306 0.551800723337 0.593973737377
0.000000000000 0.000000000000 0.000000000000 1.000000000000
1 19 60
0.760378345073 -0.488848911192 0.427611405800 0.328094779736
0.522983114784 0.851248285727 0.043185850660 -0.112849822471
-0.385114832219 0.190795959267 0.902930488982 0.152749840306
0.000000000000 0.000000000000 0.000000000000 1.000000000000
1 20 60
0.757814822490 -0.394080355445 0.520016699988 0.106934372669
0.363183016467 0.916887622749 0.165575311567 -0.141470439749
-0.542046853477 0.063385808371 0.837954323297 -0.527994573784
0.000000000000 0.000000000000 0.000000000000 1.000000000000
1 21 60
-0.840093716584 0.183129082572 -0.510594052523 1.325829808958
-0.438670066547 0.324331589957 0.838079705321 -1.170566723446
0.319078548436 0.928047821436 -0.192135683974 1.060111857026
0.000000000000 0.000000000000 0.000000000000 1.000000000000
1 22 60
-0.425317494970 0.176708704993 -0.887625519041 2.759971281466
-0.713818024518 0.537436019585 0.449028231546 -2.533381106642
0.556389123137 0.824582657125 -0.102443082843 4.045506139909
0.000000000000 0.000000000000 0.000000000000 1.000000000000
1 23 60
0.884259001918 0.137082606077 -0.446423987526 1.807935942210
-0.147756860251 0.988962453837 0.011007958465 -0.435651759043
0.443005561790 0.056228320372 0.894753847833 0.484495620813
0.000000000000 0.000000000000 0.000000000000 1.000000000000
1 24 60
-0.571620746647 -0.442361329600 -0.691061629724 1.003759699320
0.767637887498 -0.585776903018 -0.259995179894 1.009442224810
-0.289796127787 -0.679103728428 0.674415547237 0.741374957991
0.000000000000 0.000000000000 0.000000000000 1.000000000000
1 25 60
-0.309272037080 0.362718871481 -0.879082378024 1.799669427288
-0.375156881793 0.802894863559 0.463267905335 -1.868610188827
0.873846737777 0.473069612575 -0.112236449222 3.658415747720
0.000000000000 0.000000000000 0.000000000000 1.000000000000
1 26 60
0.790211303802 0.085078682058 -0.606900085025 2.592278937682
-0.121407005289 0.992421826157 -0.018954103335 -0.159468874093
0.600688300544 0.088659668541 0.794552093172 0.574116146674
0.000000000000 0.000000000000 0.000000000000 1.000000000000
1 27 60
0.327160440498 0.264255452853 -0.907267932758 2.340388444550
-0.285928690113 0.942780387266 0.171493223062 -0.553122544339
0.900672432321 0.203308133196 0.383998662281 1.163708720098
0.000000000000 0.000000000000 0.000000000000 1.000000000000
1 28 60
0.228316138978 0.262996871142 -0.937392333258 1.807837141431
-0.299019888567 0.935229595163 0.189559253460 -0.794746752525
0.926530542898 0.237019514177 0.292169305328 1.505490164102
0.000000000000 0.000000000000 0.000000000000 1.000000000000
1 29 60
0.278215751428 0.258491622419 -0.925082740514 1.313002285030
-0.279309953262 0.943260714853 0.179569412273 -1.031583784064
0.919011395830 0.208425778047 0.334629271551 1.686464001355
0.000000000000 0.000000000000 0.000000000000 1.000000000000
1 30 60
0.136820915863 0.338781265946 -0.930863733758 0.800465936847
-0.363361059974 0.891363569541 0.270997651261 -1.289573203513
0.921546947842 0.301161486147 0.245057099845 1.820381758623
0.000000000000 0.000000000000 0.000000000000 1.000000000000
1 31 60
-0.205470165626 0.472819053243 -0.856868807886 0.296158215406
-0.489190588334 0.708701668988 0.508364547012 -1.218309005780
0.847628798073 0.523625903928 0.085681581525 1.769422484178
0.000000000000 0.000000000000 0.000000000000 1.000000000000
1 32 60
-0.646456221242 0.545386874257 -0.533523674643 0.269189203503
-0.416317832626 0.333846150075 0.845710476651 -1.313534100752
0.639354218141 0.768830218883 0.011237360780 1.730783328955
0.000000000000 0.000000000000 0.000000000000 1.000000000000
1 33 60
-0.936398021455 0.230353669746 -0.264756363947 0.233936704571
-0.231670128259 0.160924626669 0.959391586478 -1.239525461873
0.263605191695 0.959708524171 -0.097323437802 1.661772137017
0.000000000000 0.000000000000 0.000000000000 1.000000000000
1 34 60
0.576957590431 -0.707308728666 0.408453548396 0.107258996208
0.701648662117 0.685197552046 0.195431495974 0.010480267550
-0.418101774444 0.173835200757 0.891612151770 -0.060492092362
0.000000000000 0.000000000000 0.000000000000 1.000000000000
1 35 60
0.778466184512 -0.609580762063 0.149671954934 -0.700824291922
0.582378904434 0.790390557113 0.190046254624 -0.454830655499
-0.234147840566 -0.060778793579 0.970299297644 -0.013949904809
0.000000000000 0.000000000000 0.000000000000 1.000000000000
1 36 60
0.964271648868 -0.258335698258 -0.058675839965 -0.817510638965
0.262127877114 0.962473880997 0.070235350340 -0.575434776566
0.038329665140 -0.083106530449 0.995803264389 -0.000050897392
0.000000000000 0.000000000000 0.000000000000 1.000000000000
1 37 60
0.307016014802 -0.688124154244 0.657439210118 -0.066568568404
0.521361581899 0.699530986340 0.488711059901 -1.070917495910
-0.796192983877 0.192721424589 0.573528713256 1.060038340554
0.000000000000 0.000000000000 0.000000000000 1.000000000000
1 38 60
0.579478084503 -0.685307043181 0.441088886902 -0.182751328299
0.496881240071 0.726077604148 0.475310788874 -0.843330179090
-0.645998593533 -0.056263392375 0.761262272697 0.573707573517
0.000000000000 0.000000000000 0.000000000000 1.000000000000
1 39 60
0.656212573744 -0.522578908480 0.544331096367 -0.195490948377
0.364067183242 0.851122645922 0.378213336206 -0.615451243723
-0.660938835405 -0.050015257771 0.748771213285 0.243886407860
0.000000000000 0.000000000000 0.000000000000 1.000000000000
1 40 60
0.978721672163 -0.114548740962 -0.170242398897 -0.290153759986
0.040664706221 0.921495783403 -0.386253676796 -0.009839208138
0.201122525109 0.371111987296 0.906545984923 -0.362616729425
0.000000000000 0.000000000000 0.000000000000 1.000000000000
1 41 60
0.966087305271 -0.172423972581 -0.192211582050 -0.337511981425
0.070116246641 0.891588197843 -0.447385960244 -0.126964167858
0.248513642587 0.418736742053 0.873441761254 -0.081984010052
0.000000000000 0.000000000000 0.000000000000 1.000000000000
1 42 60
0.985633412436 -0.148663120647 -0.080162664939 -0.398148255356
0.103239280556 0.905918972332 -0.410673186999 -0.393873668303
0.133672836586 0.396497278842 0.908251881710 0.361879700200
0.000000000000 0.000000000000 0.000000000000 1.000000000000
1 43 60
0.968874926862 -0.125096879302 -0.213616822576 -0.326744907924
0.038900182829 0.929138006998 -0.367681029873 -0.682683066297
0.244475258205 0.347927197473 0.905084810050 0.747402046680
0.000000000000 0.000000000000 0.000000000000 1.000000000000
1 44 60
0.964755569845 -0.239796222972 0.108371868593 -0.439357991973
0.252851696563 0.958817750395 -0.129362054219 -1.153528537356
-0.072888339253 0.152204773168 0.985657646968 1.114122975523
0.000000000000 0.000000000000 0.000000000000 1.000000000000
1 45 60
0.690677249534 0.722840622548 -0.021595633137 0.217797425807
-0.664625697725 0.622716437130 -0.412912727888 0.096239776274
-0.285022137560 0.299542439937 0.910514529142 1.277423382716
0.000000000000 0.000000000000 0.000000000000 1.000000000000
1 46 60
0.785675342770 0.243765796929 -0.568588156763 1.489081692337
0.024985031506 -0.930848499755 -0.364550159381 -0.176285027447
-0.618134292824 0.272211878418 -0.737435210228 3.578663655606
0.000000000000 0.000000000000 0.000000000000 1.000000000000
1 47 60
0.768439830040 -0.124355297511 0.627722858903 -0.039782059783
0.255625563852 0.958924462811 -0.122961155361 -0.953476520804
-0.586647934210 0.254950259077 0.768664144268 1.630102696588
0.000000000000 0.000000000000 0.000000000000 1.000000000000
1 48 60
-0.102053122106 -0.356986310666 -0.928518138899 1.801090369136
0.257330390295 0.892147785918 -0.371286140748 0.554506226501
0.960919471391 -0.276826844937 0.000816959720 0.550890282065
0.000000000000 0.000000000000 0.000000000000 1.000000000000
1 49 60
1.000000000000 0.000000000000 0.000000000000 0.000000000000
0.000000000000 1.000000000000 0.000000000000 0.000000000000
0.000000000000 0.000000000000 1.000000000000 0.000000000000
0.000000000000 0.000000000000 0.000000000000 1.000000000000
1 50 60
0.983185875992 0.015984987998 -0.181906606283 -1.188903256234
-0.023229768062 0.999016564345 -0.037766149403 -0.814785035957
0.181124021396 0.041356792957 0.982590303509 0.602255286620
0.000000000000 0.000000000000 0.000000000000 1.000000000000
1 51 60
0.705428926901 -0.160160077960 0.690448244634 0.223301439250
0.114102190674 0.987090925788 0.112393034969 -0.893228796682
-0.699536074248 -0.000503640789 0.714597108287 1.998628245970
0.000000000000 0.000000000000 0.000000000000 1.000000000000
1 52 60
-0.016600194692 0.184739377322 -0.982647340607 1.216875804121
0.065301275547 0.980884839793 0.183304867572 -1.028674859390
0.997727506360 -0.061125228265 -0.028346596293 0.901733473742
0.000000000000 0.000000000000 0.000000000000 1.000000000000
1 53 60
-0.791886210568 -0.468225247665 0.392022125603 -0.775357967313
0.063512193707 0.575325535529 0.815454921758 -2.369523219488
-0.607356922051 0.670645693058 -0.425854345545 3.639447669263
0.000000000000 0.000000000000 0.000000000000 1.000000000000
1 54 60
0.691340503832 0.171387395174 -0.701907877529 0.350792891518
-0.427002793416 0.880575582557 -0.205560837268 0.145246548942
0.582852401708 0.441829157231 0.681960463403 0.089014905247
0.000000000000 0.000000000000 0.000000000000 1.000000000000
1 55 60
0.967925503176 -0.180478675939 0.174778911294 -0.220345193841
0.181804861591 0.983297639585 0.008529026183 0.189367427795
-0.173398998277 0.023520193817 0.984570763267 -0.512296603861
0.000000000000 0.000000000000 0.000000000000 1.000000000000
1 56 60
0.940842188680 -0.291201637960 0.173255828325 0.041618887824
0.286836325666 0.956658733389 0.050289065502 0.474893581231
-0.180390959523 0.002381990744 0.983592104402 -0.581926446741
0.000000000000 0.000000000000 0.000000000000 1.000000000000
1 57 60
1.000000000000 0.000000000000 0.000000000000 0.000000000000
0.000000000000 1.000000000000 0.000000000000 0.000000000000
0.000000000000 0.000000000000 1.000000000000 0.000000000000
0.000000000000 0.000000000000 0.000000000000 1.000000000000
1 58 60
-0.143411124402 -0.917806638082 0.370221858472 -0.655834006640
0.568240887390 0.229913847359 0.790089815584 -1.316978637157
-0.810268809282 0.323682866221 0.488563055111 1.268238379092
0.000000000000 0.000000000000 0.000000000000 1.000000000000
1 59 60
0.991130126338 0.017978254628 -0.131673288960 0.531598041523
-0.013428434251 0.999284391946 0.035360729159 -0.547693524582
0.132214786687 -0.033278917856 0.990662285447 1.165781085403
0.000000000000 0.000000000000 0.000000000000 1.000000000000
2 3 60
0.998044839220 0.024485256703 -0.057506270184 0.137212550994
-0.032208090987 0.989982742841 -0.137465660265 -0.317687449985
0.053564333108 0.139049059980 0.988835790785 0.202994463069
0.000000000000 0.000000000000 0.000000000000 1.000000000000
2 4 60
0.866255107634 -0.163765593191 0.471998854856 0.236137786651
0.214781212899 0.975062484724 -0.055876484056 -0.325671128260
-0.451077730646 0.149779776243 0.879826630390 0.053040132324
0.000000000000 0.000000000000 0.000000000000 1.000000000000
2 5 60
0.022058639822 -0.161122659334 0.986687845805 -1.376436678694
-0.064608353749 0.984635251384 0.162231878362 -0.941842710324
-0.997666866762 -0.067326891954 0.011309844595 1.303277034933
0.000000000000 0.000000000000 0.000000000000 1.000000000000
2 6 60
0.835956954208 0.476194735200 -0.272790294695 1.761940057177
-0.460307541287 0.879065589499 0.123938116786 -0.744402113322
0.298819239920 0.021960499219 0.954057020480 0.222696377017
0.000000000000 0.000000000000 0.000000000000 1.000000000000
2 7 60
-0.789778925452 -0.590288836595 0.166758323040 -0.226776754773
0.522274789808 -0.504560235084 0.687494009503 -2.310322588558
-0.321680420361 0.630061948195 0.706784018349 0.632693540506
0.000000000000 0.000000000000 0.000000000000 1.000000000000
2 8 60
1.000000000000 0.000000000000 0.000000000000 0.000000000000
0.000000000000 1.000000000000 0.000000000000 0.000000000000
0.000000000000 0.000000000000 1.000000000000 0.000000000000
0.000000000000 0.000000000000 0.000000000000 1.000000000000
2 9 60
0.123827500647 0.927124269703 -0.353705157738 0.648455816393
-0.895575255538 0.257919043118 0.362522728757 -0.547465631096
0.427330915979 0.271879303596 0.862247025234 -0.242426866947
0.000000000000 0.000000000000 0.000000000000 1.000000000000
2 10 60
0.961081840734 -0.139028789947 0.238731420173 1.014375774561
0.162085223274 0.983550004486 -0.079735619846 0.120963961981
-0.223718742639 0.115327291835 0.967806561225 -0.471395400052
0.000000000000 0.000000000000 0.000000000000 1.000000000000
2 11 60
0.898886899585 -0.321635524737 0.297578445090 0.838311073611
0.354638416423 0.932882215767 -0.062947320060 0.108500909522
-0.257359544902 0.162115269894 0.952619915766 -0.204519808002
0.000000000000 0.000000000000 0.000000000000 1.000000000000
2 12 60
0.941431871361 -0.264744856524 0.208844900653 0.586997372658
0.283320460405 0.956876962946 -0.064156016860 -0.085302505263
-0.182853898785 0.119568552417 0.975842104529 0.137167005399
0.000000000000 0.000000000000 0.000000000000 1.000000000000
2 13 60
0.966892462810 -0.233432770143 0.103092711597 0.340717317561
0.242160351617 0.966749795651 -0.082177835898 -0.194116977865
-0.080481857991 0.104422097429 0.991271252535 0.237415918164
0.000000000000 0.000000000000 0.000000000000 1.000000000000
2 14 60
0.921488253947 -0.316100102085 0.225699187635 0.240094845517
0.326236038838 0.945253646171 -0.008098849496 -0.350617767679
-0.210782932898 0.081094203624 0.974163377128 0.519578220756
0.000000000000 0.000000000000 0.000000000000 1.000000000000
2 15 60
0.680221646567 -0.542947958983 0.492449007896 0.370585740139
0.502362141786 0.834543130533 0.226207961355 -0.495045790109
-0.533789087601 0.093516186387 0.840430801935 0.587713277778
0.000000000000 0.000000000000 0.000000000000 1.000000000000
2 16 60
0.937704806899 -0.333298372129 0.098091234345 -1.049615409514
0.345374040585 0.924916694385 -0.158889523058 0.389453510926
-0.037768600836 0.182869635489 0.982411435808 -0.224990058267
0.000000000000 0.000000000000 0.000000000000 1.000000000000
2 17 60
1.000000000000 0.000000000000 0.000000000000 0.000000000000
0.000000000000 1.000000000000 0.000000000000 0.000000000000
0.000000000000 0.000000000000 1.000000000000 0.000000000000
0.000000000000 0.000000000000 0.000000000000 1.000000000000
2 18 60
1.000000000000 0.000000000000 0.000000000000 0.000000000000
0.000000000000 1.000000000000 0.000000000000 0.000000000000
0.000000000000 0.000000000000 1.000000000000 0.000000000000
0.000000000000 0.000000000000 0.000000000000 1.000000000000
2 19 60
1.000000000000 0.000000000000 0.000000000000 0.000000000000
0.000000000000 1.000000000000 0.000000000000 0.000000000000
0.000000000000 0.000000000000 1.000000000000 0.000000000000
0.000000000000 0.000000000000 0.000000000000 1.000000000000
2 20 60
-0.790386605016 0.140062462711 -0.596382026180 1.862076627769
-0.361536226147 0.679257643264 0.638670972607 -2.503784082614
0.494550878873 0.720410688848 -0.486238488398 4.485225040375
0.000000000000 0.000000000000 0.000000000000 1.000000000000
2 21 60
1.000000000000 0.000000000000 0.000000000000 0.000000000000
0.000000000000 1.000000000000 0.000000000000 0.000000000000
0.000000000000 0.000000000000 1.000000000000 0.000000000000
0.000000000000 0.000000000000 0.000000000000 1.000000000000
2 22 60
0.952820341488 0.084434426801 -0.291554839467 2.135094205399
-0.096942979790 0.994876073940 -0.028699410658 0.196636390927
0.287637715739 0.055609577174 0.956123485441 -0.555630374896
0.000000000000 0.000000000000 0.000000000000 1.000000000000
2 23 60
0.864758976642 -0.011886000463 -0.502046447362 2.837517740371
-0.054853933035 0.991502365310 -0.117958067188 0.165553738114
0.499182289697 0.129544519672 0.856758576891 0.308054248079
0.000000000000 0.000000000000 0.000000000000 1.000000000000
2 24 60
0.290432054714 0.293008326094 -0.910931030558 2.994013576852
-0.487202460490 0.864615439764 0.122775827485 -0.610288683256
0.823579373277 0.408149803580 0.393866416125 1.206918722135
0.000000000000 0.000000000000 0.000000000000 1.000000000000
2 25 60
0.420262198618 0.341346343096 -0.840751068074 2.531145912363
-0.418963097438 0.894867049641 0.153892450923 -0.677495866428
0.804891053123 0.287568491879 0.519090314956 1.059330092213
0.000000000000 0.000000000000 0.000000000000 1.000000000000
2 26 60
0.694416393551 0.362911464863 -0.621354279810 1.882931480391
-0.378081384984 0.918719823048 0.114054167251 -0.490922102918
0.612242058908 0.155721403185 0.775184175467 0.131663389955
0.000000000000 0.000000000000 0.000000000000 1.000000000000
2 27 60
0.523956672096 0.240309088352 -0.817141938601 2.781643655001
-0.284717154976 0.953601679778 0.097877361974 -0.207150804667
0.802748744893 0.181370831117 0.568066082593 0.385074786587
0.000000000000 0.000000000000 0.000000000000 1.000000000000
2 28 60
0.440241201126 0.274935090569 -0.854750478681 2.334282972974
-0.302895803296 0.941637759187 0.146875671295 -0.586079057139
0.845246601399 0.194239610910 0.497824423242 0.803519070463
0.000000000000 0.000000000000 0.000000000000 1.000000000000
2 29 60
0.495335754471 0.241018285868 -0.834597313811 1.881914042018
-0.291473508892 0.951158528029 0.101688977635 -0.774202736769
0.818343255582 0.192892821110 0.541393272591 1.028753037897
0.000000000000 0.000000000000 0.000000000000 1.000000000000
2 30 60
0.330303014955 0.349540666922 -0.876767495109 1.400754819151
-0.405358372886 0.891409163217 0.202667938423 -1.048256490882
0.852399265511 0.288463214120 0.436124370170 1.264853180083
0.000000000000 0.000000000000 0.000000000000 1.000000000000
2 31 60
0.004439105985 0.555082752259 -0.831783284566 0.926117461548
-0.537477301724 0.702753236527 0.466107325283 -1.082476437288
0.843266532284 0.444995535590 0.301463976016 1.361635099141
0.000000000000 0.000000000000 0.000000000000 1.000000000000
2 32 60
-0.470801672998 0.683339090122 -0.558026408527 0.911278675886
-0.454436109853 0.354312807200 0.817282238101 -1.154937799899
0.756196804254 0.638365195295 0.143722895431 1.367163687657
0.000000000000 0.000000000000 0.000000000000 1.000000000000
2 33 60
-0.876284004436 0.356049170147 -0.324584861026 0.841814177733
-0.219987539869 0.303686942665 0.927027358365 -1.097550742405
0.428639505730 0.883743870866 -0.187789629200 1.584467822073
0.000000000000 0.000000000000 0.000000000000 1.000000000000
2 34 60
1.000000000000 0.000000000000 0.000000000000 0.000000000000
0.000000000000 1.000000000000 0.000000000000 0.000000000000
0.000000000000 0.000000000000 1.000000000000 0.000000000000
0.000000000000 0.000000000000 0.000000000000 1.000000000000
2 35 60
0.817062638555 -0.564161487939 0.118871612268 -0.085622384493
0.538926420323 0.820594851090 0.190216728609 -0.295105790019
-0.204858385611 -0.091355929697 0.974518925396 -0.277889819233
0.000000000000 0.000000000000 0.000000000000 1.000000000000
2 36 60
0.970724472750 -0.196535979966 -0.138085504606 0.715578757385
0.210326443690 0.973150542279 0.093492294590 -1.012587318383
0.116003383952 -0.119798291481 0.985997760783 0.861132719448
0.000000000000 0.000000000000 0.000000000000 1.000000000000
2 37 60
0.978749567483 -0.034739152993 -0.202095213700 1.019942174813
0.053662549630 0.994591889505 0.088923023443 -0.665812354105
0.197913149938 -0.097878315169 0.975320573197 0.438275431827
0.000000000000 0.000000000000 0.000000000000 1.000000000000
2 38 60
0.899620426266 0.254205005149 -0.355053381904 1.469905209247
-0.196376448877 0.961745383465 0.191002899745 -0.477844004199
0.390024844043 -0.102105987787 0.915125668030 0.240378877256
0.000000000000 0.000000000000 0.000000000000 1.000000000000
2 39 60
0.868372174464 0.383577356354 -0.314321775112 1.780955848030
-0.406262804012 0.913726918009 -0.007324846911 -0.350149995066
0.284394621422 0.134057938959 0.949288243005 0.138123990667
0.000000000000 0.000000000000 0.000000000000 1.000000000000
2 40 60
0.994942237784 -0.062525777267 0.078615969436 -0.253713499746
0.089645667643 0.905795653446 -0.414123035426 0.167318164061
-0.045316638732 0.419076080652 0.906819519463 -0.556273412058
0.000000000000 0.000000000000 0.000000000000 1.000000000000
2 41 60
0.994286363789 -0.102013134897 0.031431625674 -0.190037442022
0.105166593193 0.885690593733 -0.452208093524 0.000783717405
0.018292470041 0.452929897976 0.891358453743 -0.311097411537
0.000000000000 0.000000000000 0.000000000000 1.000000000000
2 42 60
0.987327446017 -0.093564201183 0.128180554680 -0.086611404571
0.139595874011 0.896223774782 -0.421065241353 -0.240458947976
-0.075481827615 0.433622745913 0.897927507055 0.121139638473
0.000000000000 0.000000000000 0.000000000000 1.000000000000
2 43 60
0.991376423544 -0.126429803840 0.034471604857 0.040436417483
0.128704289013 0.889881814521 -0.437659184954 -0.442383536023
0.024657510623 0.438321640905 0.898479908670 0.495000931035
0.000000000000 0.000000000000 0.000000000000 1.000000000000
2 44 60
0.938725825412 -0.125821017849 0.320878319884 0.015628117106
0.225828450076 0.927840620262 -0.296838835951 -0.723672940804
-0.260375374873 0.351113734935 0.899401917554 0.812754998884
