0 1 60
0.997632065135 0.058156848957 -0.036715712350 -0.126443694544
-0.057491420210 0.998166561881 0.018927528772 -0.043505882223
0.037749161796 -0.016771871170 0.999146488320 0.128591140036
0.000000000000 0.000000000000 0.000000000000 1.000000000000
0 2 60
0.958305598631 0.129918906801 -0.254502371873 -0.371522455184
-0.117622825144 0.991056768645 0.063018666507 -0.189125948936
0.260413614541 -0.030455852946 0.965016678811 0.364592867922
0.000000000000 0.000000000000 0.000000000000 1.000000000000
0 3 60
0.939826040245 0.103567915940 -0.325577488266 -0.315129859524
-0.133561107817 0.988486805169 -0.071100397230 -0.494947976377
0.314465331247 0.110306494801 0.942838285523 0.604541969164
0.000000000000 0.000000000000 0.000000000000 1.000000000000
0 4 60
0.976690512749 -0.087042721746 0.196212147679 -0.123719133740
0.103061665469 0.991996412715 -0.072947997030 -0.477213776210
-0.188292154422 0.091469567348 0.977844252850 0.519402471094
0.000000000000 0.000000000000 0.000000000000 1.000000000000
0 5 60
0.944172308404 -0.206596464226 0.256625316389 0.083489491972
0.238210267517 0.966197451967 -0.098581703484 -0.231834150111
-0.227584095428 0.154208899813 0.961470277610 0.347824220175
0.000000000000 0.000000000000 0.000000000000 1.000000000000
0 6 60
0.953866147485 -0.153923788755 0.257772845617 0.354478215380
0.177249246829 0.981695022151 -0.069696398637 0.017563710120
-0.242326385647 0.112171078000 0.963688524410 0.310789774271
0.000000000000 0.000000000000 0.000000000000 1.000000000000
0 7 60
0.970006347694 -0.162336579285 0.180926837312 0.749439473953
0.173447465403 0.983707789569 -0.047275379294 0.153553288257
-0.170304615847 0.077238719360 0.982359668376 0.088479914090
0.000000000000 0.000000000000 0.000000000000 1.000000000000
0 8 60
1.000000000000 0.000000000000 0.000000000000 0.000000000000
0.000000000000 1.000000000000 0.000000000000 0.000000000000
0.000000000000 0.000000000000 1.000000000000 0.000000000000
0.000000000000 0.000000000000 0.000000000000 1.000000000000
0 9 60
0.969396130644 0.000176377704 0.245501753116 1.239878586690
0.015562334755 0.997944432637 -0.062166897180 -0.010858014072
-0.245008072580 0.064084930046 0.967400726748 0.044688781936
0.000000000000 0.000000000000 0.000000000000 1.000000000000
0 10 60
0.999525872671 -0.028382207013 -0.011936506446 0.709685328889
0.027717433251 0.998231535432 -0.052588454648 -0.189572603894
0.013407973563 0.052232671704 0.998544928509 0.189830573600
0.000000000000 0.000000000000 0.000000000000 1.000000000000
0 11 60
0.973863435144 -0.220194598753 0.055716679448 0.452499127647
0.222165946058 0.974483378259 -0.032006841600 -0.208967263477
-0.047247244371 0.043548641509 0.997933471591 0.373806236480
0.000000000000 0.000000000000 0.000000000000 1.000000000000
0 12 60
0.984267609320 -0.164235890635 -0.065144803869 0.159912076441
0.163340322002 0.986389121990 -0.018879598185 -0.344019024054
0.067358833513 0.007941803730 0.997697206221 0.664319736229
0.000000000000 0.000000000000 0.000000000000 1.000000000000
0 13 60
0.977419268929 -0.120479475239 -0.173598009128 -0.117048744451
0.118857048940 0.992714928672 -0.019750248309 -0.420879430265
0.174712834801 -0.001329073803 0.984618534722 0.693142658028
0.000000000000 0.000000000000 0.000000000000 1.000000000000
0 14 60
0.976122119954 -0.209792830916 -0.056325616123 -0.276699108690
0.212309297564 0.976250095450 0.043133667855 -0.543277405683
0.045938753829 -0.054062179302 0.997480281342 0.943273193623
0.000000000000 0.000000000000 0.000000000000 1.000000000000
0 15 60
0.901320811106 -0.411775196914 0.134394875922 0.085037804306
0.391967233012 0.907416121635 0.151517888193 -0.553843995811
-0.184343385324 -0.083887838237 0.979275419319 1.005006720651
0.000000000000 0.000000000000 0.000000000000 1.000000000000
0 16 60
1.000000000000 0.000000000000 0.000000000000 0.000000000000
0.000000000000 1.000000000000 0.000000000000 0.000000000000
0.000000000000 0.000000000000 1.000000000000 0.000000000000
0.000000000000 0.000000000000 0.000000000000 1.000000000000
0 17 60
1.000000000000 0.000000000000 0.000000000000 0.000000000000
0.000000000000 1.000000000000 0.000000000000 0.000000000000
0.000000000000 0.000000000000 1.000000000000 0.000000000000
0.000000000000 0.000000000000 0.000000000000 1.000000000000
0 18 60
0.593163326730 -0.461728045240 0.659518369768 0.027977083488
0.464243607264 0.865446367105 0.188362572660 -0.504157686612
-0.657750059625 0.194447416807 0.727705339516 0.642434971820
0.000000000000 0.000000000000 0.000000000000 1.000000000000
0 19 60
0.812951506069 -0.379403184764 0.441772647605 0.153505746740
0.417053319885 0.908788715627 0.013023007436 -0.160684889411
-0.406418967512 0.173655675809 0.897032512848 0.275400124146
0.000000000000 0.000000000000 0.000000000000 1.000000000000
0 20 60
0.841033695303 -0.308886703602 0.444129854551 0.237331751035
0.294319153612 0.950093311002 0.103435662157 -0.093954245255
-0.453914704744 0.043723045716 0.889971761401 -0.412795665742
0.000000000000 0.000000000000 0.000000000000 1.000000000000
0 21 60
1.000000000000 0.000000000000 0.000000000000 0.000000000000
0.000000000000 1.000000000000 0.000000000000 0.000000000000
0.000000000000 0.000000000000 1.000000000000 0.000000000000
0.000000000000 0.000000000000 0.000000000000 1.000000000000
0 22 60
1.000000000000 0.000000000000 0.000000000000 0.000000000000
0.000000000000 1.000000000000 0.000000000000 0.000000000000
0.000000000000 0.000000000000 1.000000000000 0.000000000000
0.000000000000 0.000000000000 0.000000000000 1.000000000000
0 23 60
1.000000000000 0.000000000000 0.000000000000 0.000000000000
0.000000000000 1.000000000000 0.000000000000 0.000000000000
0.000000000000 0.000000000000 1.000000000000 0.000000000000
0.000000000000 0.000000000000 0.000000000000 1.000000000000
0 24 60
1.000000000000 0.000000000000 0.000000000000 0.000000000000
0.000000000000 1.000000000000 0.000000000000 0.000000000000
0.000000000000 0.000000000000 1.000000000000 0.000000000000
0.000000000000 0.000000000000 0.000000000000 1.000000000000
0 25 60
1.000000000000 0.000000000000 0.000000000000 0.000000000000
0.000000000000 1.000000000000 0.000000000000 0.000000000000
0.000000000000 0.000000000000 1.000000000000 0.000000000000
0.000000000000 0.000000000000 0.000000000000 1.000000000000
0 26 60
0.772136417287 0.167122244493 -0.613086868637 2.430784692599
-0.168820935753 0.984075412693 0.055633387321 -0.380637355611
0.612621289828 0.060545334494 0.788054197198 0.725675472830
0.000000000000 0.000000000000 0.000000000000 1.000000000000
0 27 60
0.294811675964 0.307890070305 -0.904593710083 2.141943322990
-0.284935509426 0.931926630315 0.224331253235 -0.697652940169
0.912084333372 0.191615396869 0.362471665789 1.366714216765
0.000000000000 0.000000000000 0.000000000000 1.000000000000
0 28 60
0.125213451954 0.337202234662 -0.933068188499 1.563799062254
-0.297076144157 0.910061676022 0.289021643494 -0.990780172784
0.946608343520 0.241002902004 0.214126703620 1.803712093606
0.000000000000 0.000000000000 0.000000000000 1.000000000000
0 29 60
0.189744982570 0.291616387722 -0.937526919081 1.068550368873
-0.250273400618 0.937696253439 0.241016516509 -1.082716942076
0.949399845446 0.188906375485 0.250906984296 1.950798537321
0.000000000000 0.000000000000 0.000000000000 1.000000000000
0 30 60
1.000000000000 0.000000000000 0.000000000000 0.000000000000
0.000000000000 1.000000000000 0.000000000000 0.000000000000
0.000000000000 0.000000000000 1.000000000000 0.000000000000
0.000000000000 0.000000000000 0.000000000000 1.000000000000
0 31 60
-0.258924902276 0.501796343549 -0.825323163726 0.044849318009
-0.461152874643 0.686566197446 0.562107536628 -1.307328406569
0.848702492744 0.526143788451 0.053635740733 2.010986744793
0.000000000000 0.000000000000 0.000000000000 1.000000000000
0 32 60
-0.828993865089 0.374204682922 -0.415620051157 -0.017390219450
-0.268972354338 0.384794822416 0.882942136974 -1.393195451725
0.490329526182 0.843743918450 -0.218341832531 2.202606357264
0.000000000000 0.000000000000 0.000000000000 1.000000000000
0 33 60
1.000000000000 0.000000000000 0.000000000000 0.000000000000
0.000000000000 1.000000000000 0.000000000000 0.000000000000
0.000000000000 0.000000000000 1.000000000000 0.000000000000
0.000000000000 0.000000000000 0.000000000000 1.000000000000
0 34 60
1.000000000000 0.000000000000 0.000000000000 0.000000000000
0.000000000000 1.000000000000 0.000000000000 0.000000000000
0.000000000000 0.000000000000 1.000000000000 0.000000000000
0.000000000000 0.000000000000 0.000000000000 1.000000000000
0 35 60
0.690163820609 -0.671770330985 0.269069736555 -1.083096518483
0.571885519382 0.734149541465 0.366021042410 -0.761345937926
-0.443419500521 -0.098737395014 0.890859177078 0.278220498845
0.000000000000 0.000000000000 0.000000000000 1.000000000000
0 36 60
0.215986662424 -0.637500765434 0.739555633963 0.113237811112
0.576492390912 0.694579564741 0.430366996254 -1.195352051712
-0.788039519869 0.333394664497 0.517534262449 1.525904194025
0.000000000000 0.000000000000 0.000000000000 1.000000000000
0 37 60
0.351177635734 -0.563032971294 0.748109712138 -0.403276145035
0.488004006168 0.791957469412 0.366954297709 -0.991824700464
-0.799078443036 0.236214393885 0.552880097306 1.250482263618
0.000000000000 0.000000000000 0.000000000000 1.000000000000
0 38 60
0.638306882105 -0.608379978918 0.471633465212 -0.434112199776
0.424711143579 0.789324805400 0.443381095786 -0.848713256097
-0.642016174856 -0.082705216475 0.762217212080 0.702735695574
0.000000000000 0.000000000000 0.000000000000 1.000000000000
0 39 60
0.684601786615 -0.499761453302 0.530621224186 -0.391124925474
0.347801542469 0.863708964954 0.364747735996 -0.635146918373
-0.640589166954 -0.065156071488 0.765114504848 0.355279330710
0.000000000000 0.000000000000 0.000000000000 1.000000000000
0 40 60
0.978383467579 -0.039153846816 -0.203058530105 -0.467552896402
-0.037749796840 0.931600230778 -0.361518966103 -0.029622826327
0.203324231727 0.361369597909 0.909984214423 -0.259106467625
0.000000000000 0.000000000000 0.000000000000 1.000000000000
0 41 60
0.955322226421 -0.151496881565 -0.253787585557 -0.463300601189
0.037083945966 0.913300242447 -0.405595177607 -0.201735883473
0.293230668005 0.378062642987 0.878114123175 0.051979452230
0.000000000000 0.000000000000 0.000000000000 1.000000000000
0 42 60
0.965585231275 -0.186598331137 -0.181180087099 -0.412776405126
0.078440611449 0.873107901813 -0.481175292661 -0.152463928584
0.247976272293 0.450403879433 0.857696982490 0.535201073998
0.000000000000 0.000000000000 0.000000000000 1.000000000000
0 43 60
1.000000000000 0.000000000000 0.000000000000 0.000000000000
0.000000000000 1.000000000000 0.000000000000 0.000000000000
0.000000000000 0.000000000000 1.000000000000 0.000000000000
0.000000000000 0.000000000000 0.000000000000 1.000000000000
0 44 60
1.000000000000 0.000000000000 0.000000000000 0.000000000000
0.000000000000 1.000000000000 0.000000000000 0.000000000000
0.000000000000 0.000000000000 1.000000000000 0.000000000000
0.000000000000 0.000000000000 0.000000000000 1.000000000000
0 45 60
1.000000000000 0.000000000000 0.000000000000 0.000000000000
0.000000000000 1.000000000000 0.000000000000 0.000000000000
0.000000000000 0.000000000000 1.000000000000 0.000000000000
0.000000000000 0.000000000000 0.000000000000 1.000000000000
0 46 60
1.000000000000 0.000000000000 0.000000000000 0.000000000000
0.000000000000 1.000000000000 0.000000000000 0.000000000000
0.000000000000 0.000000000000 1.000000000000 0.000000000000
0.000000000000 0.000000000000 0.000000000000 1.000000000000
0 47 60
1.000000000000 0.000000000000 0.000000000000 0.000000000000
0.000000000000 1.000000000000 0.000000000000 0.000000000000
0.000000000000 0.000000000000 1.000000000000 0.000000000000
0.000000000000 0.000000000000 0.000000000000 1.000000000000
0 48 60
1.000000000000 0.000000000000 0.000000000000 0.000000000000
0.000000000000 1.000000000000 0.000000000000 0.000000000000
0.000000000000 0.000000000000 1.000000000000 0.000000000000
0.000000000000 0.000000000000 0.000000000000 1.000000000000
0 49 60
1.000000000000 0.000000000000 0.000000000000 0.000000000000
0.000000000000 1.000000000000 0.000000000000 0.000000000000
0.000000000000 0.000000000000 1.000000000000 0.000000000000
0.000000000000 0.000000000000 0.000000000000 1.000000000000
0 50 60
1.000000000000 0.000000000000 0.000000000000 0.000000000000
0.000000000000 1.000000000000 0.000000000000 0.000000000000
0.000000000000 0.000000000000 1.000000000000 0.000000000000
0.000000000000 0.000000000000 0.000000000000 1.000000000000
0 51 60
1.000000000000 0.000000000000 0.000000000000 0.000000000000
0.000000000000 1.000000000000 0.000000000000 0.000000000000
0.000000000000 0.000000000000 1.000000000000 0.000000000000
0.000000000000 0.000000000000 0.000000000000 1.000000000000
0 52 60
1.000000000000 0.000000000000 0.000000000000 0.000000000000
0.000000000000 1.000000000000 0.000000000000 0.000000000000
0.000000000000 0.000000000000 1.000000000000 0.000000000000
0.000000000000 0.000000000000 0.000000000000 1.000000000000
0 53 60
1.000000000000 0.000000000000 0.000000000000 0.000000000000
0.000000000000 1.000000000000 0.000000000000 0.000000000000
0.000000000000 0.000000000000 1.000000000000 0.000000000000
0.000000000000 0.000000000000 0.000000000000 1.000000000000
0 54 60
1.000000000000 0.000000000000 0.000000000000 0.000000000000
0.000000000000 1.000000000000 0.000000000000 0.000000000000
0.000000000000 0.000000000000 1.000000000000 0.000000000000
0.000000000000 0.000000000000 0.000000000000 1.000000000000
0 55 60
1.000000000000 0.000000000000 0.000000000000 0.000000000000
0.000000000000 1.000000000000 0.000000000000 0.000000000000
0.000000000000 0.000000000000 1.000000000000 0.000000000000
0.000000000000 0.000000000000 0.000000000000 1.000000000000
0 56 60
1.000000000000 0.000000000000 0.000000000000 0.000000000000
0.000000000000 1.000000000000 0.000000000000 0.000000000000
0.000000000000 0.000000000000 1.000000000000 0.000000000000
0.000000000000 0.000000000000 0.000000000000 1.000000000000
0 57 60
1.000000000000 0.000000000000 0.000000000000 0.000000000000
0.000000000000 1.000000000000 0.000000000000 0.000000000000
0.000000000000 0.000000000000 1.000000000000 0.000000000000
0.000000000000 0.000000000000 0.000000000000 1.000000000000
0 58 60
1.000000000000 0.000000000000 0.000000000000 0.000000000000
0.000000000000 1.000000000000 0.000000000000 0.000000000000
0.000000000000 0.000000000000 1.000000000000 0.000000000000
0.000000000000 0.000000000000 0.000000000000 1.000000000000
0 59 60
1.000000000000 0.000000000000 0.000000000000 0.000000000000
0.000000000000 1.000000000000 0.000000000000 0.000000000000
0.000000000000 0.000000000000 1.000000000000 0.000000000000
0.000000000000 0.000000000000 0.000000000000 1.000000000000
1 2 60
0.969959723784 0.062538642362 -0.235089456269 -0.206529896740
-0.055479199206 0.997791352627 0.036530467819 -0.182504796239
0.236854792421 -0.022390507700 0.971287018585 0.250081714024
0.000000000000 0.000000000000 0.000000000000 1.000000000000
1 3 60
0.952392072468 0.044356988441 -0.301631891346 -0.125945999675
-0.078637227851 0.991623009392 -0.102469476628 -0.486032534157
0.294559886435 0.121310612977 0.947902003628 0.471477099453
0.000000000000 0.000000000000 0.000000000000 1.000000000000
1 4 60
0.965039167724 -0.124242778698 0.230788077466 0.050827887443
0.144236797159 0.986933579297 -0.071818217756 -0.443901650643
-0.218849608417 0.102595526206 0.970349940433 0.378215499205
0.000000000000 0.000000000000 0.000000000000 1.000000000000
1 5 60
1.000000000000 0.000000000000 0.000000000000 0.000000000000
0.000000000000 1.000000000000 0.000000000000 0.000000000000
0.000000000000 0.000000000000 1.000000000000 0.000000000000
0.000000000000 0.000000000000 0.000000000000 1.000000000000
1 6 60
0.922378613387 -0.329518042750 0.201582620950 0.687559048659
0.352055449156 0.931869961014 -0.087608997708 0.164619196984
-0.158980043674 0.151776925987 0.975545545042 0.197918369860
0.000000000000 0.000000000000 0.000000000000 1.000000000000
1 7 60
1.000000000000 0.000000000000 0.000000000000 0.000000000000
0.000000000000 1.000000000000 0.000000000000 0.000000000000
0.000000000000 0.000000000000 1.000000000000 0.000000000000
0.000000000000 0.000000000000 0.000000000000 1.000000000000
1 8 60
1.000000000000 0.000000000000 0.000000000000 0.000000000000
0.000000000000 1.000000000000 0.000000000000 0.000000000000
0.000000000000 0.000000000000 1.000000000000 0.000000000000
0.000000000000 0.000000000000 0.000000000000 1.000000000000
1 9 60
1.000000000000 0.000000000000 0.000000000000 0.000000000000
0.000000000000 1.000000000000 0.000000000000 0.000000000000
0.000000000000 0.000000000000 1.000000000000 0.000000000000
0.000000000000 0.000000000000 0.000000000000 1.000000000000
1 10 60
0.995431233737 -0.095476067670 0.000989647914 0.885466674683
0.095265909147 0.992437784060 -0.077405757693 -0.090007921410
0.006408233376 0.077146388587 0.996999182183 0.044493900018
0.000000000000 0.000000000000 0.000000000000 1.000000000000
1 11 60
0.947678311211 -0.307503128157 0.085718403121 0.600406484242
0.310167393685 0.950484209176 -0.019389584895 -0.181385912537
-0.075511630593 0.044962142755 0.996130713995 0.230705463580
0.000000000000 0.000000000000 0.000000000000 1.000000000000
1 12 60
0.973455870459 -0.227113845083 -0.028336718927 0.317720801456
0.226439372417 0.973700918343 -0.025134284095 -0.315762181976
0.033299833147 0.018050567552 0.999282391581 0.518817241526
0.000000000000 0.000000000000 0.000000000000 1.000000000000
1 13 60
0.974963815101 -0.181741322225 -0.128123577222 0.036817656965
0.178150270179 0.983228174101 -0.039049185509 -0.399561574975
0.133071561498 0.015246292982 0.990989157393 0.554122364836
0.000000000000 0.000000000000 0.000000000000 1.000000000000
1 14 60
0.956133268722 -0.292306915178 -0.019126938657 -0.091143260477
0.292704483283 0.955924886220 0.023058563927 -0.536459698800
0.011543738969 -0.027645600796 0.999551130682 0.815980688875
0.000000000000 0.000000000000 0.000000000000 1.000000000000
1 15 60
0.422609648541 0.317059207229 -0.849043311069 1.015220020129
-0.320581660601 0.928542851310 0.187177915811 -0.664482216982
0.847719578544 0.193084521369 0.494054535209 1.494934894496
0.000000000000 0.000000000000 0.000000000000 1.000000000000
1 16 60
-0.617188555492 0.156151968859 -0.771164606029 3.128643631404
-0.385961561592 0.794002419831 0.469674174590 -0.913012112055
0.685647110359 0.587517420954 -0.429780548806 3.774759610172
0.000000000000 0.000000000000 0.000000000000 1.000000000000
1 17 60
1.000000000000 0.000000000000 0.000000000000 0.000000000000
0.000000000000 1.000000000000 0.000000000000 0.000000000000
0.000000000000 0.000000000000 1.000000000000 0.000000000000
0.000000000000 0.000000000000 0.000000000000 1.000000000000
1 18 60
1.000000000000 0.000000000000 0.000000000000 0.000000000000
0.000000000000 1.000000000000 0.000000000000 0.000000000000
0.000000000000 0.000000000000 1.000000000000 0.000000000000
0.000000000000 0.000000000000 0.000000000000 1.000000000000
1 19 60
0.764719079441 -0.427605221559 0.482035791238 0.286667706024
0.473443159131 0.880319190744 0.029827797114 -0.112413573468
-0.437099879446 0.205406662267 0.875643648115 0.155865251726
0.000000000000 0.000000000000 0.000000000000 1.000000000000
1 20 60
1.000000000000 0.000000000000 0.000000000000 0.000000000000
0.000000000000 1.000000000000 0.000000000000 0.000000000000
0.000000000000 0.000000000000 1.000000000000 0.000000000000
0.000000000000 0.000000000000 0.000000000000 1.000000000000
1 21 60
1.000000000000 0.000000000000 0.000000000000 0.000000000000
0.000000000000 1.000000000000 0.000000000000 0.000000000000
0.000000000000 0.000000000000 1.000000000000 0.000000000000
0.000000000000 0.000000000000 0.000000000000 1.000000000000
1 22 60
1.000000000000 0.000000000000 0.000000000000 0.000000000000
0.000000000000 1.000000000000 0.000000000000 0.000000000000
0.000000000000 0.000000000000 1.000000000000 0.000000000000
0.000000000000 0.000000000000 0.000000000000 1.000000000000
1 23 60
1.000000000000 0.000000000000 0.000000000000 0.000000000000
0.000000000000 1.000000000000 0.000000000000 0.000000000000
0.000000000000 0.000000000000 1.000000000000 0.000000000000
0.000000000000 0.000000000000 0.000000000000 1.000000000000
1 24 60
1.000000000000 0.000000000000 0.000000000000 0.000000000000
0.000000000000 1.000000000000 0.000000000000 0.000000000000
0.000000000000 0.000000000000 1.000000000000 0.000000000000
0.000000000000 0.000000000000 0.000000000000 1.000000000000
1 25 60
-0.637125279080 0.322842596466 -0.699888588751 0.675297658369
-0.326048151611 0.709910776610 0.624275013183 -1.762166812849
0.698401017746 0.625938772692 -0.347039869831 3.094644857646
0.000000000000 0.000000000000 0.000000000000 1.000000000000
1 26 60
0.654322435539 -0.251148909980 -0.713292629547 2.576102246287
0.051933976193 0.955936626683 -0.288942949183 0.549607265158
0.754430256861 0.152017731800 0.638533943304 1.039547682181
0.000000000000 0.000000000000 0.000000000000 1.000000000000
1 27 60
0.335280092174 0.278170466594 -0.900115798832 2.336511753319
-0.317209888142 0.932963838986 0.170165689870 -0.574800258889
0.887110560560 0.228472463678 0.401042624523 1.154903084447
0.000000000000 0.000000000000 0.000000000000 1.000000000000
1 28 60
0.240083288845 0.266335761667 -0.933501621035 1.792056100632
-0.285153539011 0.938552491700 0.194439398047 -0.783643341578
0.927926437605 0.219509640747 0.301277353966 1.482734363596
0.000000000000 0.000000000000 0.000000000000 1.000000000000
1 29 60
0.267978707748 0.274665436375 -0.923442640479 1.300003135092
-0.273789832686 0.940692084770 0.200343527893 -1.076496631301
0.923702625151 0.199141406321 0.327286053135 1.715806718080
0.000000000000 0.000000000000 0.000000000000 1.000000000000
1 30 60
-0.373921713452 0.325535977216 -0.868452001982 0.435852804426
-0.510349755313 0.709644622063 0.485744415953 -1.720655153001
0.774419575851 0.624844651026 -0.099214326706 2.323433037401
0.000000000000 0.000000000000 0.000000000000 1.000000000000
1 31 60
-0.156554665273 0.504005898477 -0.849393131054 0.336397502408
-0.558951256192 0.663816164013 0.496912058213 -1.236430785225
0.814287498359 0.552563258547 0.177791212722 1.699543822898
0.000000000000 0.000000000000 0.000000000000 1.000000000000
1 32 60
-0.514166973307 0.596676140096 -0.616124912174 0.391000104208
-0.428323440870 0.443734837717 0.787171152798 -1.218467144124
0.743082332963 0.668638151496 0.027416578951 1.689781864491
0.000000000000 0.000000000000 0.000000000000 1.000000000000
1 33 60
1.000000000000 0.000000000000 0.000000000000 0.000000000000
0.000000000000 1.000000000000 0.000000000000 0.000000000000
0.000000000000 0.000000000000 1.000000000000 0.000000000000
0.000000000000 0.000000000000 0.000000000000 1.000000000000
1 34 60
1.000000000000 0.000000000000 0.000000000000 0.000000000000
0.000000000000 1.000000000000 0.000000000000 0.000000000000
0.000000000000 0.000000000000 1.000000000000 0.000000000000
0.000000000000 0.000000000000 0.000000000000 1.000000000000
1 35 60
1.000000000000 0.000000000000 0.000000000000 0.000000000000
0.000000000000 1.000000000000 0.000000000000 0.000000000000
0.000000000000 0.000000000000 1.000000000000 0.000000000000
0.000000000000 0.000000000000 0.000000000000 1.000000000000
1 36 60
1.000000000000 0.000000000000 0.000000000000 0.000000000000
0.000000000000 1.000000000000 0.000000000000 0.000000000000
0.000000000000 0.000000000000 1.000000000000 0.000000000000
0.000000000000 0.000000000000 0.000000000000 1.000000000000
1 37 60
0.289073306948 -0.732236447323 0.616657448201 0.004397184045
0.551913912467 0.653803487213 0.517621515524 -1.090364820879
-0.782194129635 0.190711261648 0.593128618635 1.035280127151
0.000000000000 0.000000000000 0.000000000000 1.000000000000
1 38 60
0.603417114181 -0.629933704816 0.488949193527 -0.241916910225
0.474799509161 0.776442959637 0.414369106632 -0.809278233357
-0.640666225436 -0.017884573438 0.767611183881 0.569415017339
0.000000000000 0.000000000000 0.000000000000 1.000000000000
1 39 60
0.659507238249 -0.513956315404 0.548542713519 -0.180176024375
0.337643336334 0.854523044156 0.394699055529 -0.655921460944
-0.671600461678 -0.075095092137 0.737098057934 0.258305096832
0.000000000000 0.000000000000 0.000000000000 1.000000000000
1 40 60
0.983369716083 -0.076588616780 -0.164676000892 -0.317891267070
0.006621349026 0.921247595898 -0.388920332188 0.013600567959
0.181494240204 0.381362099365 0.906434106784 -0.364712013804
0.000000000000 0.000000000000 0.000000000000 1.000000000000
1 41 60
0.962088258720 -0.173422651291 -0.210501226724 -0.317587091689
0.054261072755 0.878085404487 -0.475417456990 -0.063518937359
0.267286210674 0.445971530982 0.854205756909 -0.058280280530
0.000000000000 0.000000000000 0.000000000000 1.000000000000
1 42 60
1.000000000000 0.000000000000 0.000000000000 0.000000000000
0.000000000000 1.000000000000 0.000000000000 0.000000000000
0.000000000000 0.000000000000 1.000000000000 0.000000000000
0.000000000000 0.000000000000 0.000000000000 1.000000000000
1 43 60
1.000000000000 0.000000000000 0.000000000000 0.000000000000
0.000000000000 1.000000000000 0.000000000000 0.000000000000
0.000000000000 0.000000000000 1.000000000000 0.000000000000
0.000000000000 0.000000000000 0.000000000000 1.000000000000
1 44 60
1.000000000000 0.000000000000 0.000000000000 0.000000000000
0.000000000000 1.000000000000 0.000000000000 0.000000000000
0.000000000000 0.000000000000 1.000000000000 0.000000000000
0.000000000000 0.000000000000 0.000000000000 1.000000000000
1 45 60
1.000000000000 0.000000000000 0.000000000000 0.000000000000
0.000000000000 1.000000000000 0.000000000000 0.000000000000
0.000000000000 0.000000000000 1.000000000000 0.000000000000
0.000000000000 0.000000000000 0.000000000000 1.000000000000
1 46 60
1.000000000000 0.000000000000 0.000000000000 0.000000000000
0.000000000000 1.000000000000 0.000000000000 0.000000000000
0.000000000000 0.000000000000 1.000000000000 0.000000000000
0.000000000000 0.000000000000 0.000000000000 1.000000000000
1 47 60
1.000000000000 0.000000000000 0.000000000000 0.000000000000
0.000000000000 1.000000000000 0.000000000000 0.000000000000
0.000000000000 0.000000000000 1.000000000000 0.000000000000
0.000000000000 0.000000000000 0.000000000000 1.000000000000
1 48 60
1.000000000000 0.000000000000 0.000000000000 0.000000000000
0.000000000000 1.000000000000 0.000000000000 0.000000000000
0.000000000000 0.000000000000 1.000000000000 0.000000000000
0.000000000000 0.000000000000 0.000000000000 1.000000000000
1 49 60
1.000000000000 0.000000000000 0.000000000000 0.000000000000
0.000000000000 1.000000000000 0.000000000000 0.000000000000
0.000000000000 0.000000000000 1.000000000000 0.000000000000
0.000000000000 0.000000000000 0.000000000000 1.000000000000
1 50 60
1.000000000000 0.000000000000 0.000000000000 0.000000000000
0.000000000000 1.000000000000 0.000000000000 0.000000000000
0.000000000000 0.000000000000 1.000000000000 0.000000000000
0.000000000000 0.000000000000 0.000000000000 1.000000000000
1 51 60
1.000000000000 0.000000000000 0.000000000000 0.000000000000
0.000000000000 1.000000000000 0.000000000000 0.000000000000
0.000000000000 0.000000000000 1.000000000000 0.000000000000
0.000000000000 0.000000000000 0.000000000000 1.000000000000
1 52 60
1.000000000000 0.000000000000 0.000000000000 0.000000000000
0.000000000000 1.000000000000 0.000000000000 0.000000000000
0.000000000000 0.000000000000 1.000000000000 0.000000000000
0.000000000000 0.000000000000 0.000000000000 1.000000000000
1 53 60
1.000000000000 0.000000000000 0.000000000000 0.000000000000
0.000000000000 1.000000000000 0.000000000000 0.000000000000
0.000000000000 0.000000000000 1.000000000000 0.000000000000
0.000000000000 0.000000000000 0.000000000000 1.000000000000
1 54 60
1.000000000000 0.000000000000 0.000000000000 0.000000000000
0.000000000000 1.000000000000 0.000000000000 0.000000000000
0.000000000000 0.000000000000 1.000000000000 0.000000000000
0.000000000000 0.000000000000 0.000000000000 1.000000000000
1 55 60
1.000000000000 0.000000000000 0.000000000000 0.000000000000
0.000000000000 1.000000000000 0.000000000000 0.000000000000
0.000000000000 0.000000000000 1.000000000000 0.000000000000
0.000000000000 0.000000000000 0.000000000000 1.000000000000
1 56 60
1.000000000000 0.000000000000 0.000000000000 0.000000000000
0.000000000000 1.000000000000 0.000000000000 0.000000000000
0.000000000000 0.000000000000 1.000000000000 0.000000000000
0.000000000000 0.000000000000 0.000000000000 1.000000000000
1 57 60
1.000000000000 0.000000000000 0.000000000000 0.000000000000
0.000000000000 1.000000000000 0.000000000000 0.000000000000
0.000000000000 0.000000000000 1.000000000000 0.000000000000
0.000000000000 0.000000000000 0.000000000000 1.000000000000
1 58 60
1.000000000000 0.000000000000 0.000000000000 0.000000000000
0.000000000000 1.000000000000 0.000000000000 0.000000000000
0.000000000000 0.000000000000 1.000000000000 0.000000000000
0.000000000000 0.000000000000 0.000000000000 1.000000000000
1 59 60
1.000000000000 0.000000000000 0.000000000000 0.000000000000
0.000000000000 1.000000000000 0.000000000000 0.000000000000
0.000000000000 0.000000000000 1.000000000000 0.000000000000
0.000000000000 0.000000000000 0.000000000000 1.000000000000
2 3 60
0.997853038974 0.034759154830 -0.055507781126 0.135303915841
-0.041859910189 0.990316276630 -0.132368501389 -0.318337238460
0.050369241895 0.134407862109 0.989645121281 0.196911350719
0.000000000000 0.000000000000 0.000000000000 1.000000000000
2 4 60
0.884518063487 -0.185106814790 0.428209367581 0.337331541177
0.244054307721 0.965888163599 -0.086588395890 -0.220228866544
-0.397574257527 0.181095341017 0.899521643549 0.054576667416
0.000000000000 0.000000000000 0.000000000000 1.000000000000
2 5 60
1.000000000000 0.000000000000 0.000000000000 0.000000000000
0.000000000000 1.000000000000 0.000000000000 0.000000000000
0.000000000000 0.000000000000 1.000000000000 0.000000000000
0.000000000000 0.000000000000 0.000000000000 1.000000000000
2 6 60
1.000000000000 0.000000000000 0.000000000000 0.000000000000
0.000000000000 1.000000000000 0.000000000000 0.000000000000
0.000000000000 0.000000000000 1.000000000000 0.000000000000
0.000000000000 0.000000000000 0.000000000000 1.000000000000
2 7 60
1.000000000000 0.000000000000 0.000000000000 0.000000000000
0.000000000000 1.000000000000 0.000000000000 0.000000000000
0.000000000000 0.000000000000 1.000000000000 0.000000000000
0.000000000000 0.000000000000 0.000000000000 1.000000000000
2 8 60
1.000000000000 0.000000000000 0.000000000000 0.000000000000
0.000000000000 1.000000000000 0.000000000000 0.000000000000
0.000000000000 0.000000000000 1.000000000000 0.000000000000
0.000000000000 0.000000000000 0.000000000000 1.000000000000
2 9 60
1.000000000000 0.000000000000 0.000000000000 0.000000000000
0.000000000000 1.000000000000 0.000000000000 0.000000000000
0.000000000000 0.000000000000 1.000000000000 0.000000000000
0.000000000000 0.000000000000 0.000000000000 1.000000000000
2 10 60
0.955364405267 -0.111424747120 0.273611730156 0.933641716333
0.140593773787 0.986026256454 -0.089362253531 0.134586292335
-0.259831183506 0.123841621893 0.957680013765 -0.484914389011
0.000000000000 0.000000000000 0.000000000000 1.000000000000
2 11 60
0.884832655747 -0.324821374686 0.334009349974 0.739881494970
0.366280619868 0.928029447340 -0.067822211548 0.123273621743
-0.287940408474 0.182352459313 0.940126534968 -0.197343007072
0.000000000000 0.000000000000 0.000000000000 1.000000000000
2 12 60
0.942990757032 -0.258717655497 0.209364769927 0.595759743116
0.277537797512 0.958469754403 -0.065639171583 -0.077638127622
-0.183687787032 0.120003769224 0.975632047581 0.139227453983
0.000000000000 0.000000000000 0.000000000000 1.000000000000
2 13 60
0.968608728358 -0.224995322127 0.105708260652 0.326576754692
0.234114919969 0.968611589395 -0.083557124998 -0.178362623735
-0.083590284108 0.105682041572 0.990880401709 0.241471633469
0.000000000000 0.000000000000 0.000000000000 1.000000000000
2 14 60
0.923283689721 -0.332213740340 0.192824425385 0.294442636842
0.336931287473 0.941488338643 0.008775860127 -0.381433686611
-0.184457409223 0.056865973382 0.981194030380 0.509435786228
0.000000000000 0.000000000000 0.000000000000 1.000000000000
2 15 60
1.000000000000 0.000000000000 0.000000000000 0.000000000000
0.000000000000 1.000000000000 0.000000000000 0.000000000000
0.000000000000 0.000000000000 1.000000000000 0.000000000000
0.000000000000 0.000000000000 0.000000000000 1.000000000000
2 16 60
1.000000000000 0.000000000000 0.000000000000 0.000000000000
0.000000000000 1.000000000000 0.000000000000 0.000000000000
0.000000000000 0.000000000000 1.000000000000 0.000000000000
0.000000000000 0.000000000000 0.000000000000 1.000000000000
2 17 60
1.000000000000 0.000000000000 0.000000000000 0.000000000000
0.000000000000 1.000000000000 0.000000000000 0.000000000000
0.000000000000 0.000000000000 1.000000000000 0.000000000000
0.000000000000 0.000000000000 0.000000000000 1.000000000000
2 18 60
1.000000000000 0.000000000000 0.000000000000 0.000000000000
0.000000000000 1.000000000000 0.000000000000 0.000000000000
0.000000000000 0.000000000000 1.000000000000 0.000000000000
0.000000000000 0.000000000000 0.000000000000 1.000000000000
2 19 60
1.000000000000 0.000000000000 0.000000000000 0.000000000000
0.000000000000 1.000000000000 0.000000000000 0.000000000000
0.000000000000 0.000000000000 1.000000000000 0.000000000000
0.000000000000 0.000000000000 0.000000000000 1.000000000000
2 20 60
1.000000000000 0.000000000000 0.000000000000 0.000000000000
0.000000000000 1.000000000000 0.000000000000 0.000000000000
0.000000000000 0.000000000000 1.000000000000 0.000000000000
0.000000000000 0.000000000000 0.000000000000 1.000000000000
2 21 60
1.000000000000 0.000000000000 0.000000000000 0.000000000000
0.000000000000 1.000000000000 0.000000000000 0.000000000000
0.000000000000 0.000000000000 1.000000000000 0.000000000000
0.000000000000 0.000000000000 0.000000000000 1.000000000000
2 22 60
1.000000000000 0.000000000000 0.000000000000 0.000000000000
0.000000000000 1.000000000000 0.000000000000 0.000000000000
0.000000000000 0.000000000000 1.000000000000 0.000000000000
0.000000000000 0.000000000000 0.000000000000 1.000000000000
2 23 60
1.000000000000 0.000000000000 0.000000000000 0.000000000000
0.000000000000 1.000000000000 0.000000000000 0.000000000000
0.000000000000 0.000000000000 1.000000000000 0.000000000000
0.000000000000 0.000000000000 0.000000000000 1.000000000000
2 24 60
1.000000000000 0.000000000000 0.000000000000 0.000000000000
0.000000000000 1.000000000000 0.000000000000 0.000000000000
0.000000000000 0.000000000000 1.000000000000 0.000000000000
0.000000000000 0.000000000000 0.000000000000 1.000000000000
2 25 60
1.000000000000 0.000000000000 0.000000000000 0.000000000000
0.000000000000 1.000000000000 0.000000000000 0.000000000000
0.000000000000 0.000000000000 1.000000000000 0.000000000000
0.000000000000 0.000000000000 0.000000000000 1.000000000000
2 26 60
1.000000000000 0.000000000000 0.000000000000 0.000000000000
0.000000000000 1.000000000000 0.000000000000 0.000000000000
0.000000000000 0.000000000000 1.000000000000 0.000000000000
0.000000000000 0.000000000000 0.000000000000 1.000000000000
2 27 60
0.518423819080 0.273126117355 -0.810332566191 2.817864838961
-0.333120475409 0.937264648006 0.102789729357 -0.276899617202
0.787570627102 0.216649725634 0.576884220368 0.428374996273
0.000000000000 0.000000000000 0.000000000000 1.000000000000
2 28 60
0.435865177896 0.278580136650 -0.855812277408 2.324276868024
-0.317945523743 0.937239009644 0.143156148079 -0.552826716045
0.841981110613 0.209704902816 0.497083155121 0.804353850950
0.000000000000 0.000000000000 0.000000000000 1.000000000000
2 29 60
0.503505688933 0.243914370661 -0.828847272419 1.878949130914
-0.295212678512 0.950154622974 0.100277948162 -0.771115631917
0.811992300246 0.194195705994 0.550414872724 1.011790714122
0.000000000000 0.000000000000 0.000000000000 1.000000000000
2 30 60
0.318164996802 0.360215298412 -0.876935558408 1.393723235622
-0.415085897763 0.884557743852 0.212747021764 -1.064995074379
0.852334870980 0.296314928043 0.430955602273 1.264297090197
0.000000000000 0.000000000000 0.000000000000 1.000000000000
2 31 60
-0.013800432815 0.565222846306 -0.824822818591 0.934685029492
-0.571119277842 0.672647404660 0.470497863418 -1.108179917337
0.820751069772 0.477565286655 0.313526838486 1.372191869660
0.000000000000 0.000000000000 0.000000000000 1.000000000000
2 32 60
-0.432455731574 0.724970689211 -0.536096577133 0.892758900597
-0.468587265286 0.327265234940 0.820562880474 -1.165629424174
0.770329809264 0.606065149786 0.198184306075 1.281660032712
0.000000000000 0.000000000000 0.000000000000 1.000000000000
2 33 60
1.000000000000 0.000000000000 0.000000000000 0.000000000000
0.000000000000 1.000000000000 0.000000000000 0.000000000000
0.000000000000 0.000000000000 1.000000000000 0.000000000000
0.000000000000 0.000000000000 0.000000000000 1.000000000000
2 34 60
1.000000000000 0.000000000000 0.000000000000 0.000000000000
0.000000000000 1.000000000000 0.000000000000 0.000000000000
0.000000000000 0.000000000000 1.000000000000 0.000000000000
0.000000000000 0.000000000000 0.000000000000 1.000000000000
2 35 60
1.000000000000 0.000000000000 0.000000000000 0.000000000000
0.000000000000 1.000000000000 0.000000000000 0.000000000000
0.000000000000 0.000000000000 1.000000000000 0.000000000000
0.000000000000 0.000000000000 0.000000000000 1.000000000000
2 36 60
1.000000000000 0.000000000000 0.000000000000 0.000000000000
0.000000000000 1.000000000000 0.000000000000 0.000000000000
0.000000000000 0.000000000000 1.000000000000 0.000000000000
0.000000000000 0.000000000000 0.000000000000 1.000000000000
2 37 60
-0.107050336133 -0.554264890384 0.825427560008 -1.102983920423
-0.235955634468 0.820643393691 0.520451111012 -1.738220162342
-0.965849452087 -0.139049817255 -0.218632075014 2.570937276683
0.000000000000 0.000000000000 0.000000000000 1.000000000000
2 38 60
1.000000000000 0.000000000000 0.000000000000 0.000000000000
0.000000000000 1.000000000000 0.000000000000 0.000000000000
0.000000000000 0.000000000000 1.000000000000 0.000000000000
0.000000000000 0.000000000000 0.000000000000 1.000000000000
2 39 60
0.683337530201 0.182174196785 0.707009463758 -0.208618749039
-0.292010473220 0.955738496635 0.035969564632 -0.441014035036
-0.669163435453 -0.231033521541 0.706288757221 0.040591547902
0.000000000000 0.000000000000 0.000000000000 1.000000000000
2 40 60
0.994273198488 -0.070696367716 0.080142562722 -0.250760400681
0.098628688942 0.895776892883 -0.433423741730 0.226997805896
-0.041148371601 0.438845965880 0.897619646479 -0.534698344170
0.000000000000 0.000000000000 0.000000000000 1.000000000000
2 41 60
0.995303244554 -0.088146865736 0.040019763138 -0.214778833187
0.096550949620 0.873878498520 -0.476460159879 0.060409680603
0.007026059219 0.478086289163 0.878284768516 -0.278029707851
0.000000000000 0.000000000000 0.000000000000 1.000000000000
2 42 60
0.987667336756 -0.094944517013 0.124494058468 -0.084442606990
0.139325708653 0.895724531039 -0.422215479825 -0.244050183235
-0.071425337331 0.434353661415 0.897906074154 0.125074885218
0.000000000000 0.000000000000 0.000000000000 1.000000000000
2 43 60
0.991775302127 -0.123120991824 0.034971008897 0.025099297486
0.126075083012 0.892653003131 -0.432753612862 -0.452422566790
0.022064077917 0.433603317992 0.900833691139 0.494931245614
0.000000000000 0.000000000000 0.000000000000 1.000000000000
2 44 60
0.926682828302 -0.141443720699 0.348213454083 -0.015053595415
0.259036256309 0.911651276019 -0.319048850258 -0.684013146033
-0.272321783276 0.385857000465 0.881450634775 0.850795688996
0.000000000000 0.000000000000 0.000000000000 1.000000000000
2 45 60
0.875725364541 -0.069277942605 0.477813407690 0.138810159332
0.228309896490 0.931430489281 -0.283393427594 -0.773317049651
-0.425417062498 0.357264342339 0.831494144675 1.056189146590
0.000000000000 0.000000000000 0.000000000000 1.000000000000
2 46 60
