0 1 60
0.828568647493 -0.090407570503 0.552540014467 -0.038814512159
0.048344670086 0.994743622750 0.090265817847 0.008148270588
-0.557796368996 -0.048079061900 0.828584102274 0.082451236067
0.000000000000 0.000000000000 0.000000000000 1.000000000000
0 2 60
-0.295719685294 -0.440064599323 0.847875590020 -1.311599291991
0.230609437242 -0.894208196114 -0.383680843224 0.409308682823
0.927021658423 0.082066134454 0.365918015942 1.387427378687
0.000000000000 0.000000000000 0.000000000000 1.000000000000
0 3 60
1.000000000000 0.000000000000 0.000000000000 0.000000000000
0.000000000000 1.000000000000 0.000000000000 0.000000000000
0.000000000000 0.000000000000 1.000000000000 0.000000000000
0.000000000000 0.000000000000 0.000000000000 1.000000000000
0 4 60
1.000000000000 0.000000000000 0.000000000000 0.000000000000
0.000000000000 1.000000000000 0.000000000000 0.000000000000
0.000000000000 0.000000000000 1.000000000000 0.000000000000
0.000000000000 0.000000000000 0.000000000000 1.000000000000
0 5 60
1.000000000000 0.000000000000 0.000000000000 0.000000000000
0.000000000000 1.000000000000 0.000000000000 0.000000000000
0.000000000000 0.000000000000 1.000000000000 0.000000000000
0.000000000000 0.000000000000 0.000000000000 1.000000000000
0 6 60
-0.951747309145 -0.178696992485 0.249488365283 -0.210458259506
-0.169548743471 -0.371444906475 -0.912842760305 2.602245132787
0.255793438387 -0.911096079637 0.323223839696 2.457952832276
0.000000000000 0.000000000000 0.000000000000 1.000000000000
0 7 60
-0.846858338601 0.531818289556 -0.000511111805 0.554517685556
0.531818342100 0.846858458981 0.000038196943 0.156011592790
0.000453153189 -0.000239471233 -0.999999868653 4.505036869715
0.000000000000 0.000000000000 0.000000000000 1.000000000000
0 8 60
1.000000000000 0.000000000000 0.000000000000 0.000000000000
0.000000000000 1.000000000000 0.000000000000 0.000000000000
0.000000000000 0.000000000000 1.000000000000 0.000000000000
0.000000000000 0.000000000000 0.000000000000 1.000000000000
0 9 60
1.000000000000 0.000000000000 0.000000000000 0.000000000000
0.000000000000 1.000000000000 0.000000000000 0.000000000000
0.000000000000 0.000000000000 1.000000000000 0.000000000000
0.000000000000 0.000000000000 0.000000000000 1.000000000000
0 10 60
1.000000000000 0.000000000000 0.000000000000 0.000000000000
0.000000000000 1.000000000000 0.000000000000 0.000000000000
0.000000000000 0.000000000000 1.000000000000 0.000000000000
0.000000000000 0.000000000000 0.000000000000 1.000000000000
0 11 60
1.000000000000 0.000000000000 0.000000000000 0.000000000000
0.000000000000 1.000000000000 0.000000000000 0.000000000000
0.000000000000 0.000000000000 1.000000000000 0.000000000000
0.000000000000 0.000000000000 0.000000000000 1.000000000000
0 12 60
0.366346905522 0.930306306573 0.017891918987 0.575073659496
-0.372050164138 0.164080793984 -0.913595188478 1.876068972635
-0.852859085769 0.328036078803 0.406231105191 1.421627238861
0.000000000000 0.000000000000 0.000000000000 1.000000000000
0 13 60
0.384853607063 0.428755389901 0.817347243686 -0.720717755754
-0.922632691752 0.202919401146 0.327982671415 -1.468256118185
-0.025231275054 -0.880336601687 0.473678002962 1.190683861348
0.000000000000 0.000000000000 0.000000000000 1.000000000000
0 14 60
0.337587402995 0.918633828683 -0.205296454277 2.091243632436
-0.739018825952 0.123580529293 -0.662252993703 1.357759988744
-0.582997358681 0.375286212882 0.720606923497 0.415533205375
0.000000000000 0.000000000000 0.000000000000 1.000000000000
0 15 60
1.000000000000 0.000000000000 0.000000000000 0.000000000000
0.000000000000 1.000000000000 0.000000000000 0.000000000000
0.000000000000 0.000000000000 1.000000000000 0.000000000000
0.000000000000 0.000000000000 0.000000000000 1.000000000000
0 16 60
1.000000000000 0.000000000000 0.000000000000 0.000000000000
0.000000000000 1.000000000000 0.000000000000 0.000000000000
0.000000000000 0.000000000000 1.000000000000 0.000000000000
0.000000000000 0.000000000000 0.000000000000 1.000000000000
0 17 60
1.000000000000 0.000000000000 0.000000000000 0.000000000000
0.000000000000 1.000000000000 0.000000000000 0.000000000000
0.000000000000 0.000000000000 1.000000000000 0.000000000000
0.000000000000 0.000000000000 0.000000000000 1.000000000000
0 18 60
1.000000000000 0.000000000000 0.000000000000 0.000000000000
0.000000000000 1.000000000000 0.000000000000 0.000000000000
0.000000000000 0.000000000000 1.000000000000 0.000000000000
0.000000000000 0.000000000000 0.000000000000 1.000000000000
0 19 60
-0.128772113881 -0.790750266176 -0.598441107570 -0.130493090680
-0.935085154844 0.297760643039 -0.192235149352 -0.299312001745
0.330202204530 0.534838869193 -0.777762102525 2.564933547941
0.000000000000 0.000000000000 0.000000000000 1.000000000000
0 20 60
1.000000000000 0.000000000000 0.000000000000 0.000000000000
0.000000000000 1.000000000000 0.000000000000 0.000000000000
0.000000000000 0.000000000000 1.000000000000 0.000000000000
0.000000000000 0.000000000000 0.000000000000 1.000000000000
0 21 60
1.000000000000 0.000000000000 0.000000000000 0.000000000000
0.000000000000 1.000000000000 0.000000000000 0.000000000000
0.000000000000 0.000000000000 1.000000000000 0.000000000000
0.000000000000 0.000000000000 0.000000000000 1.000000000000
0 22 60
1.000000000000 0.000000000000 0.000000000000 0.000000000000
0.000000000000 1.000000000000 0.000000000000 0.000000000000
0.000000000000 0.000000000000 1.000000000000 0.000000000000
0.000000000000 0.000000000000 0.000000000000 1.000000000000
0 23 60
1.000000000000 0.000000000000 0.000000000000 0.000000000000
0.000000000000 1.000000000000 0.000000000000 0.000000000000
0.000000000000 0.000000000000 1.000000000000 0.000000000000
0.000000000000 0.000000000000 0.000000000000 1.000000000000
0 24 60
1.000000000000 0.000000000000 0.000000000000 0.000000000000
0.000000000000 1.000000000000 0.000000000000 0.000000000000
0.000000000000 0.000000000000 1.000000000000 0.000000000000
0.000000000000 0.000000000000 0.000000000000 1.000000000000
0 25 60
1.000000000000 0.000000000000 0.000000000000 0.000000000000
0.000000000000 1.000000000000 0.000000000000 0.000000000000
0.000000000000 0.000000000000 1.000000000000 0.000000000000
0.000000000000 0.000000000000 0.000000000000 1.000000000000
0 26 60
1.000000000000 0.000000000000 0.000000000000 0.000000000000
0.000000000000 1.000000000000 0.000000000000 0.000000000000
0.000000000000 0.000000000000 1.000000000000 0.000000000000
0.000000000000 0.000000000000 0.000000000000 1.000000000000
0 27 60
1.000000000000 0.000000000000 0.000000000000 0.000000000000
0.000000000000 1.000000000000 0.000000000000 0.000000000000
0.000000000000 0.000000000000 1.000000000000 0.000000000000
0.000000000000 0.000000000000 0.000000000000 1.000000000000
0 28 60
1.000000000000 0.000000000000 0.000000000000 0.000000000000
0.000000000000 1.000000000000 0.000000000000 0.000000000000
0.000000000000 0.000000000000 1.000000000000 0.000000000000
0.000000000000 0.000000000000 0.000000000000 1.000000000000
0 29 60
1.000000000000 0.000000000000 0.000000000000 0.000000000000
0.000000000000 1.000000000000 0.000000000000 0.000000000000
0.000000000000 0.000000000000 1.000000000000 0.000000000000
0.000000000000 0.000000000000 0.000000000000 1.000000000000
0 30 60
1.000000000000 0.000000000000 0.000000000000 0.000000000000
0.000000000000 1.000000000000 0.000000000000 0.000000000000
0.000000000000 0.000000000000 1.000000000000 0.000000000000
0.000000000000 0.000000000000 0.000000000000 1.000000000000
0 31 60
1.000000000000 0.000000000000 0.000000000000 0.000000000000
0.000000000000 1.000000000000 0.000000000000 0.000000000000
0.000000000000 0.000000000000 1.000000000000 0.000000000000
0.000000000000 0.000000000000 0.000000000000 1.000000000000
0 32 60
0.277341000240 0.668135207735 0.690418216570 0.228892882811
0.479087384776 0.526719599395 -0.702169311036 0.904466418243
-0.832800844941 0.525510996839 -0.174014208809 2.767564987449
0.000000000000 0.000000000000 0.000000000000 1.000000000000
0 33 60
1.000000000000 0.000000000000 0.000000000000 0.000000000000
0.000000000000 1.000000000000 0.000000000000 0.000000000000
0.000000000000 0.000000000000 1.000000000000 0.000000000000
0.000000000000 0.000000000000 0.000000000000 1.000000000000
0 34 60
1.000000000000 0.000000000000 0.000000000000 0.000000000000
0.000000000000 1.000000000000 0.000000000000 0.000000000000
0.000000000000 0.000000000000 1.000000000000 0.000000000000
0.000000000000 0.000000000000 0.000000000000 1.000000000000
0 35 60
1.000000000000 0.000000000000 0.000000000000 0.000000000000
0.000000000000 1.000000000000 0.000000000000 0.000000000000
0.000000000000 0.000000000000 1.000000000000 0.000000000000
0.000000000000 0.000000000000 0.000000000000 1.000000000000
0 36 60
0.367122402117 -0.905202980170 -0.214076403548 1.039308717301
0.730617868823 0.423060318682 -0.535926764132 0.911332796261
0.575689735552 0.040342675282 0.816672392659 1.392654325727
0.000000000000 0.000000000000 0.000000000000 1.000000000000
0 37 60
1.000000000000 0.000000000000 0.000000000000 0.000000000000
0.000000000000 1.000000000000 0.000000000000 0.000000000000
0.000000000000 0.000000000000 1.000000000000 0.000000000000
0.000000000000 0.000000000000 0.000000000000 1.000000000000
0 38 60
0.929951625583 -0.220607628377 0.294146644342 0.580645546857
0.165379459460 0.965478195639 0.201249815238 0.043212262970
-0.328389415884 -0.138506779786 0.934331987833 0.823581875593
0.000000000000 0.000000000000 0.000000000000 1.000000000000
0 39 60
0.167303923244 -0.930387140865 0.326173520354 0.873159139221
-0.881271489697 -0.289449197441 -0.373603698520 0.722960350543
0.442006740575 -0.224942059681 -0.868349647937 4.290863456321
0.000000000000 0.000000000000 0.000000000000 1.000000000000
0 40 60
-0.218959253870 0.259554297579 0.940578764247 -2.353151504304
-0.447464852424 -0.883339712996 0.139592826780 -0.414454686057
0.867082493762 -0.390310796740 0.309556829934 1.964956409780
0.000000000000 0.000000000000 0.000000000000 1.000000000000
0 41 60
1.000000000000 0.000000000000 0.000000000000 0.000000000000
0.000000000000 1.000000000000 0.000000000000 0.000000000000
0.000000000000 0.000000000000 1.000000000000 0.000000000000
0.000000000000 0.000000000000 0.000000000000 1.000000000000
0 42 60
1.000000000000 0.000000000000 0.000000000000 0.000000000000
0.000000000000 1.000000000000 0.000000000000 0.000000000000
0.000000000000 0.000000000000 1.000000000000 0.000000000000
0.000000000000 0.000000000000 0.000000000000 1.000000000000
0 43 60
1.000000000000 0.000000000000 0.000000000000 0.000000000000
0.000000000000 1.000000000000 0.000000000000 0.000000000000
0.000000000000 0.000000000000 1.000000000000 0.000000000000
0.000000000000 0.000000000000 0.000000000000 1.000000000000
0 44 60
1.000000000000 0.000000000000 0.000000000000 0.000000000000
0.000000000000 1.000000000000 0.000000000000 0.000000000000
0.000000000000 0.000000000000 1.000000000000 0.000000000000
0.000000000000 0.000000000000 0.000000000000 1.000000000000
0 45 60
-0.169030998021 0.175905508444 -0.969786457839 2.985026351696
-0.942224526106 -0.317559081896 0.106626319031 -0.584659651468
-0.289208340324 0.931779738782 0.219419812876 1.079294415700
0.000000000000 0.000000000000 0.000000000000 1.000000000000
0 46 60
-0.854913374828 -0.486551186371 0.179975177681 -0.908735645221
0.514978619730 -0.837826509273 0.181228478941 -0.302925948818
0.062611043439 0.247618019135 0.966832546949 0.055314879595
0.000000000000 0.000000000000 0.000000000000 1.000000000000
0 47 60
0.350639068674 -0.416349320476 -0.838871555638 2.336617920669
-0.093108900200 -0.906801883063 0.411146053827 -1.044295051351
-0.931870686428 -0.066057461449 -0.356725995078 2.659592330075
0.000000000000 0.000000000000 0.000000000000 1.000000000000
0 48 60
-0.091249197167 -0.921838408222 -0.376679616044 0.915727020881
0.980373434172 -0.149540241920 0.128474299439 0.192770504067
-0.174761304602 -0.357563512084 0.917391313039 0.519672125043
0.000000000000 0.000000000000 0.000000000000 1.000000000000
0 49 60
1.000000000000 0.000000000000 0.000000000000 0.000000000000
0.000000000000 1.000000000000 0.000000000000 0.000000000000
0.000000000000 0.000000000000 1.000000000000 0.000000000000
0.000000000000 0.000000000000 0.000000000000 1.000000000000
0 50 60
1.000000000000 0.000000000000 0.000000000000 0.000000000000
0.000000000000 1.000000000000 0.000000000000 0.000000000000
0.000000000000 0.000000000000 1.000000000000 0.000000000000
0.000000000000 0.000000000000 0.000000000000 1.000000000000
0 51 60
1.000000000000 0.000000000000 0.000000000000 0.000000000000
0.000000000000 1.000000000000 0.000000000000 0.000000000000
0.000000000000 0.000000000000 1.000000000000 0.000000000000
0.000000000000 0.000000000000 0.000000000000 1.000000000000
0 52 60
0.190900335407 0.411388535748 -0.891244374230 0.996413611403
-0.068929214932 0.911318721210 0.405890319791 -0.388619646403
0.979186307742 -0.016051823158 0.202327738343 1.839685751948
0.000000000000 0.000000000000 0.000000000000 1.000000000000
0 53 60
0.535951666081 0.447585374457 -0.715837372730 0.561228747398
-0.070343654015 0.868625146462 0.490450940742 -0.237040780998
0.841313010695 -0.212503382343 0.497025885169 1.767697067093
0.000000000000 0.000000000000 0.000000000000 1.000000000000
0 54 60
0.740703428846 0.344701423021 -0.576662257706 0.420798577835
-0.075478480563 0.895604780682 0.438400588265 -0.258001179084
0.667578781469 -0.281199227927 0.689395071600 1.560829545857
0.000000000000 0.000000000000 0.000000000000 1.000000000000
0 55 60
0.809788782950 0.111856992649 -0.575960189774 0.391598514092
-0.083685471288 0.993642009250 0.075314668878 -0.306679727180
0.580722712578 -0.012789474125 0.814000958505 1.404668149553
0.000000000000 0.000000000000 0.000000000000 1.000000000000
0 56 60
0.635816476957 -0.111589513757 -0.763731096689 0.631129339211
-0.105137317223 0.967749219775 -0.228927045481 -0.311846439652
0.764646030629 0.225852226124 0.603578677388 1.594927649430
0.000000000000 0.000000000000 0.000000000000 1.000000000000
0 57 60
0.663818656718 -0.011771726946 -0.747800920993 0.631092660654
-0.093450600733 0.990734367001 -0.098551505653 -0.364284513242
0.742032193517 0.135302773396 0.656567881712 0.987836163941
0.000000000000 0.000000000000 0.000000000000 1.000000000000
0 58 60
0.909941737330 0.017690648994 -0.414358631626 0.342354186838
-0.062209852709 0.993608361301 -0.094193198153 -0.361470800604
0.410043862155 0.111487511814 0.905226251176 0.624264874874
0.000000000000 0.000000000000 0.000000000000 1.000000000000
0 59 60
0.485923472028 0.314769023219 -0.815351973907 0.558785285956
-0.231798494500 0.945901540286 0.227023642013 -0.351435027119
0.842702698037 0.078681243680 0.532598746350 1.021997772699
0.000000000000 0.000000000000 0.000000000000 1.000000000000
1 2 60
0.862578899630 -0.105461944792 0.494808468110 -0.213118308942
0.086293022356 0.994369423449 0.061505804632 0.007257442217
-0.498508932925 -0.010355091080 0.866822713064 0.298374763494
0.000000000000 0.000000000000 0.000000000000 1.000000000000
1 3 60
0.474468555453 -0.219198291737 0.852544250339 -0.567031596345
0.172769038112 0.972852135114 0.153979163119 -0.056490211651
-0.863151463740 0.074234978984 0.499458425236 0.653112806614
0.000000000000 0.000000000000 0.000000000000 1.000000000000
1 4 60
0.174503290467 -0.324683234135 0.929585606111 -1.108536268624
0.116585196120 0.944243030593 0.307917182407 -0.164491902335
-0.977730276539 0.054643358678 0.202626774367 0.864466538395
0.000000000000 0.000000000000 0.000000000000 1.000000000000
1 5 60
0.272574442583 -0.224266804570 0.935632178593 -0.965548069969
0.076959310263 0.974420600297 0.211143927880 -0.183645862944
-0.959051843132 0.014453168678 0.282861570562 0.999698472464
0.000000000000 0.000000000000 0.000000000000 1.000000000000
1 6 60
0.181725943445 -0.061543914683 0.981421432436 -0.983431592265
0.158768828981 0.986781341360 0.032481429887 -0.382464077825
-0.970447391888 0.149916413074 0.189095025498 1.349983065020
0.000000000000 0.000000000000 0.000000000000 1.000000000000
1 7 60
0.397708943896 -0.220804575964 0.890546425055 -0.903721842142
0.177417576575 0.970798914149 0.161469724127 -0.273768131496
-0.900194756410 0.093780635107 0.425270023646 1.161288504707
0.000000000000 0.000000000000 0.000000000000 1.000000000000
1 8 60
0.808703686448 -0.133164559477 0.572944628760 -0.275387839535
0.022591393706 0.980350250958 0.195966870609 -0.242571864626
-0.587782252587 -0.145535513003 0.795821234951 1.496341580235
0.000000000000 0.000000000000 0.000000000000 1.000000000000
1 9 60
1.000000000000 0.000000000000 0.000000000000 0.000000000000
0.000000000000 1.000000000000 0.000000000000 0.000000000000
0.000000000000 0.000000000000 1.000000000000 0.000000000000
0.000000000000 0.000000000000 0.000000000000 1.000000000000
1 10 60
0.851954317147 0.466492988056 0.237819539965 0.578195006020
-0.307043740250 0.077173388015 0.948561231421 -1.398780208112
0.424143823565 -0.881151837243 0.208981952941 2.154330591653
0.000000000000 0.000000000000 0.000000000000 1.000000000000
1 11 60
1.000000000000 0.000000000000 0.000000000000 0.000000000000
0.000000000000 1.000000000000 0.000000000000 0.000000000000
0.000000000000 0.000000000000 1.000000000000 0.000000000000
0.000000000000 0.000000000000 0.000000000000 1.000000000000
1 12 60
1.000000000000 0.000000000000 0.000000000000 0.000000000000
0.000000000000 1.000000000000 0.000000000000 0.000000000000
0.000000000000 0.000000000000 1.000000000000 0.000000000000
0.000000000000 0.000000000000 0.000000000000 1.000000000000
1 13 60
-0.257471447919 0.960262327960 -0.107725182794 1.824861549629
0.710403376212 0.112539804258 -0.694738681466 1.814464001622
-0.655008012602 -0.255403707802 -0.711149386182 4.139065098100
0.000000000000 0.000000000000 0.000000000000 1.000000000000
1 14 60
0.877731317653 0.446467980464 -0.173936989834 1.048816489188
-0.298832081895 0.793831436194 0.529651808022 -1.032193095604
0.374549223524 -0.412914026561 0.830189668586 2.150634607013
0.000000000000 0.000000000000 0.000000000000 1.000000000000
1 15 60
1.000000000000 0.000000000000 0.000000000000 0.000000000000
0.000000000000 1.000000000000 0.000000000000 0.000000000000
0.000000000000 0.000000000000 1.000000000000 0.000000000000
0.000000000000 0.000000000000 0.000000000000 1.000000000000
1 16 60
1.000000000000 0.000000000000 0.000000000000 0.000000000000
0.000000000000 1.000000000000 0.000000000000 0.000000000000
0.000000000000 0.000000000000 1.000000000000 0.000000000000
0.000000000000 0.000000000000 0.000000000000 1.000000000000
1 17 60
1.000000000000 0.000000000000 0.000000000000 0.000000000000
0.000000000000 1.000000000000 0.000000000000 0.000000000000
0.000000000000 0.000000000000 1.000000000000 0.000000000000
0.000000000000 0.000000000000 0.000000000000 1.000000000000
1 18 60
1.000000000000 0.000000000000 0.000000000000 0.000000000000
0.000000000000 1.000000000000 0.000000000000 0.000000000000
0.000000000000 0.000000000000 1.000000000000 0.000000000000
0.000000000000 0.000000000000 0.000000000000 1.000000000000
1 19 60
1.000000000000 0.000000000000 0.000000000000 0.000000000000
0.000000000000 1.000000000000 0.000000000000 0.000000000000
0.000000000000 0.000000000000 1.000000000000 0.000000000000
0.000000000000 0.000000000000 0.000000000000 1.000000000000
1 20 60
1.000000000000 0.000000000000 0.000000000000 0.000000000000
0.000000000000 1.000000000000 0.000000000000 0.000000000000
0.000000000000 0.000000000000 1.000000000000 0.000000000000
0.000000000000 0.000000000000 0.000000000000 1.000000000000
1 21 60
1.000000000000 0.000000000000 0.000000000000 0.000000000000
0.000000000000 1.000000000000 0.000000000000 0.000000000000
0.000000000000 0.000000000000 1.000000000000 0.000000000000
0.000000000000 0.000000000000 0.000000000000 1.000000000000
1 22 60
1.000000000000 0.000000000000 0.000000000000 0.000000000000
0.000000000000 1.000000000000 0.000000000000 0.000000000000
0.000000000000 0.000000000000 1.000000000000 0.000000000000
0.000000000000 0.000000000000 0.000000000000 1.000000000000
1 23 60
1.000000000000 0.000000000000 0.000000000000 0.000000000000
0.000000000000 1.000000000000 0.000000000000 0.000000000000
0.000000000000 0.000000000000 1.000000000000 0.000000000000
0.000000000000 0.000000000000 0.000000000000 1.000000000000
1 24 60
1.000000000000 0.000000000000 0.000000000000 0.000000000000
0.000000000000 1.000000000000 0.000000000000 0.000000000000
0.000000000000 0.000000000000 1.000000000000 0.000000000000
0.000000000000 0.000000000000 0.000000000000 1.000000000000
1 25 60
1.000000000000 0.000000000000 0.000000000000 0.000000000000
0.000000000000 1.000000000000 0.000000000000 0.000000000000
0.000000000000 0.000000000000 1.000000000000 0.000000000000
0.000000000000 0.000000000000 0.000000000000 1.000000000000
1 26 60
0.969387033244 -0.233407628346 0.076221117866 -0.699199907711
0.049665448270 -0.117615354166 -0.991816501029 0.511403948645
0.240462311032 0.965239611441 -0.102422504748 2.669480307559
0.000000000000 0.000000000000 0.000000000000 1.000000000000
1 27 60
1.000000000000 0.000000000000 0.000000000000 0.000000000000
0.000000000000 1.000000000000 0.000000000000 0.000000000000
0.000000000000 0.000000000000 1.000000000000 0.000000000000
0.000000000000 0.000000000000 0.000000000000 1.000000000000
1 28 60
1.000000000000 0.000000000000 0.000000000000 0.000000000000
0.000000000000 1.000000000000 0.000000000000 0.000000000000
0.000000000000 0.000000000000 1.000000000000 0.000000000000
0.000000000000 0.000000000000 0.000000000000 1.000000000000
1 29 60
1.000000000000 0.000000000000 0.000000000000 0.000000000000
0.000000000000 1.000000000000 0.000000000000 0.000000000000
0.000000000000 0.000000000000 1.000000000000 0.000000000000
0.000000000000 0.000000000000 0.000000000000 1.000000000000
1 30 60
1.000000000000 0.000000000000 0.000000000000 0.000000000000
0.000000000000 1.000000000000 0.000000000000 0.000000000000
0.000000000000 0.000000000000 1.000000000000 0.000000000000
0.000000000000 0.000000000000 0.000000000000 1.000000000000
1 31 60
-0.104137837855 0.431713065287 0.895979430560 -1.619619007532
-0.185415644162 0.876656528226 -0.443953117365 -0.199842628742
-0.977126578099 -0.212360921025 -0.011246759297 1.964628464033
0.000000000000 0.000000000000 0.000000000000 1.000000000000
1 32 60
1.000000000000 0.000000000000 0.000000000000 0.000000000000
0.000000000000 1.000000000000 0.000000000000 0.000000000000
0.000000000000 0.000000000000 1.000000000000 0.000000000000
0.000000000000 0.000000000000 0.000000000000 1.000000000000
1 33 60
-0.935088115307 0.083486684139 0.344441853124 1.299784111118
0.160138526216 0.966522395293 0.200474716159 -0.914773354227
-0.316173795615 0.242619935226 -0.917153039573 5.640516678123
0.000000000000 0.000000000000 0.000000000000 1.000000000000
1 34 60
1.000000000000 0.000000000000 0.000000000000 0.000000000000
0.000000000000 1.000000000000 0.000000000000 0.000000000000
0.000000000000 0.000000000000 1.000000000000 0.000000000000
0.000000000000 0.000000000000 0.000000000000 1.000000000000
1 35 60
0.847895743345 -0.342124871866 0.404998000573 -0.755000111244
0.376667777638 0.926328581894 -0.006061654439 0.014635459243
-0.373087380792 0.157689347820 0.914297476688 1.517812442952
0.000000000000 0.000000000000 0.000000000000 1.000000000000
1 36 60
1.000000000000 0.000000000000 0.000000000000 0.000000000000
0.000000000000 1.000000000000 0.000000000000 0.000000000000
0.000000000000 0.000000000000 1.000000000000 0.000000000000
0.000000000000 0.000000000000 0.000000000000 1.000000000000
1 37 60
1.000000000000 0.000000000000 0.000000000000 0.000000000000
0.000000000000 1.000000000000 0.000000000000 0.000000000000
0.000000000000 0.000000000000 1.000000000000 0.000000000000
0.000000000000 0.000000000000 0.000000000000 1.000000000000
1 38 60
-0.673070312384 -0.394690672904 0.625456335255 -0.060912705755
0.219759645616 0.700763372762 0.678701991712 -0.901912357329
-0.706174236818 0.594264224161 -0.384925939807 3.221919506403
0.000000000000 0.000000000000 0.000000000000 1.000000000000
1 39 60
-0.684125531546 0.727329128427 0.054448104003 0.511830486995
0.250944959940 0.304817150601 -0.918756296185 1.637899650663
-0.684834932059 -0.614881162211 -0.391052774175 2.902150688400
0.000000000000 0.000000000000 0.000000000000 1.000000000000
1 40 60
-0.864658775311 -0.175981022771 0.470527238215 0.149315786031
0.121501238738 0.835567268683 0.535784274210 -0.630937647598
-0.487445023837 0.520440216672 -0.701098658968 3.150502616064
0.000000000000 0.000000000000 0.000000000000 1.000000000000
1 41 60
-0.927501433592 -0.305833351642 0.214958255735 0.408186483471
-0.030440012421 0.634912713306 0.771983971418 -0.975930773881
-0.372578174789 0.709472908225 -0.598192022820 2.708738007804
0.000000000000 0.000000000000 0.000000000000 1.000000000000
1 42 60
1.000000000000 0.000000000000 0.000000000000 0.000000000000
0.000000000000 1.000000000000 0.000000000000 0.000000000000
0.000000000000 0.000000000000 1.000000000000 0.000000000000
0.000000000000 0.000000000000 0.000000000000 1.000000000000
1 43 60
0.581166718159 -0.802289342470 0.136297676660 1.579590501004
0.811432541677 0.584025991920 -0.022155610319 0.581158889553
-0.061826175773 0.123472473535 0.990420149365 -0.186025264655
0.000000000000 0.000000000000 0.000000000000 1.000000000000
1 44 60
1.000000000000 0.000000000000 0.000000000000 0.000000000000
0.000000000000 1.000000000000 0.000000000000 0.000000000000
0.000000000000 0.000000000000 1.000000000000 0.000000000000
0.000000000000 0.000000000000 0.000000000000 1.000000000000
1 45 60
1.000000000000 0.000000000000 0.000000000000 0.000000000000
0.000000000000 1.000000000000 0.000000000000 0.000000000000
0.000000000000 0.000000000000 1.000000000000 0.000000000000
0.000000000000 0.000000000000 0.000000000000 1.000000000000
1 46 60
-0.891354930447 -0.087174781791 0.444844855412 -0.065550549821
0.083554201408 0.932924594570 0.350243338656 -0.864662427772
-0.445539093003 0.349359783412 -0.824283117830 3.579348563018
0.000000000000 0.000000000000 0.000000000000 1.000000000000
1 47 60
-0.942447397574 -0.121629916356 0.311446731003 0.206540419065
0.106026050186 0.774695937095 0.623381650140 -0.755549439988
-0.317098375094 0.620525880601 -0.717214230211 2.925401342608
0.000000000000 0.000000000000 0.000000000000 1.000000000000
1 48 60
-0.564414934714 0.806900419137 0.174205324456 1.148466662026
-0.737059565050 -0.587631197828 0.333815477333 -0.961667816192
0.371724332052 0.060010740173 0.926401496126 0.577753427543
0.000000000000 0.000000000000 0.000000000000 1.000000000000
1 49 60
0.584597949082 0.621404395091 0.521633794621 -0.248630019584
-0.120574331747 0.702344799911 -0.701550862419 1.624364565709
-0.802313572397 0.347229549144 0.485514749260 2.752412665262
0.000000000000 0.000000000000 0.000000000000 1.000000000000
1 50 60
1.000000000000 0.000000000000 0.000000000000 0.000000000000
0.000000000000 1.000000000000 0.000000000000 0.000000000000
0.000000000000 0.000000000000 1.000000000000 0.000000000000
0.000000000000 0.000000000000 0.000000000000 1.000000000000
1 51 60
1.000000000000 0.000000000000 0.000000000000 0.000000000000
0.000000000000 1.000000000000 0.000000000000 0.000000000000
0.000000000000 0.000000000000 1.000000000000 0.000000000000
0.000000000000 0.000000000000 0.000000000000 1.000000000000
1 52 60
0.107864806465 0.338255221097 0.934852174906 -1.025370668366
0.816519935149 -0.566585981275 0.110794951722 0.660799009986
0.567151107757 0.751374561204 -0.337306818410 4.080932416226
0.000000000000 0.000000000000 0.000000000000 1.000000000000
1 53 60
1.000000000000 0.000000000000 0.000000000000 0.000000000000
0.000000000000 1.000000000000 0.000000000000 0.000000000000
0.000000000000 0.000000000000 1.000000000000 0.000000000000
0.000000000000 0.000000000000 0.000000000000 1.000000000000
1 54 60
1.000000000000 0.000000000000 0.000000000000 0.000000000000
0.000000000000 1.000000000000 0.000000000000 0.000000000000
0.000000000000 0.000000000000 1.000000000000 0.000000000000
0.000000000000 0.000000000000 0.000000000000 1.000000000000
1 55 60
1.000000000000 0.000000000000 0.000000000000 0.000000000000
0.000000000000 1.000000000000 0.000000000000 0.000000000000
0.000000000000 0.000000000000 1.000000000000 0.000000000000
0.000000000000 0.000000000000 0.000000000000 1.000000000000
1 56 60
0.083725836879 -0.503029086212 0.860204465615 -1.913713439939
-0.739775329762 -0.609724507856 -0.284549619568 0.372109961409
0.667624479565 -0.612533887181 -0.423178202818 3.377169969026
0.000000000000 0.000000000000 0.000000000000 1.000000000000
1 57 60
-0.198729724248 -0.182406128122 -0.962930164199 2.746676850106
-0.259355715843 -0.937711078885 0.231154807860 -1.060897258256
-0.945114336660 0.295678773267 0.139042992198 2.830327161125
0.000000000000 0.000000000000 0.000000000000 1.000000000000
1 58 60
-0.252814953603 -0.727257304579 -0.638107680702 3.905616985476
-0.894007424861 -0.076564125457 0.441461956444 -1.495762589171
-0.369912589038 0.682081188444 -0.630816874253 4.762621153661
0.000000000000 0.000000000000 0.000000000000 1.000000000000
1 59 60
0.802270562597 0.523589424745 0.286733427919 0.633065890043
0.250587856909 0.140574904444 -0.957833191224 1.806225451326
-0.541818853825 0.840293288404 -0.018426044172 2.093070639046
0.000000000000 0.000000000000 0.000000000000 1.000000000000
2 3 60
0.808314714493 -0.152446436382 0.568671615582 -0.679726632447
0.144727504504 0.987707238630 0.059062341631 -0.029570901538
-0.570684914620 0.034561463993 0.820441486903 0.195189356316
0.000000000000 0.000000000000 0.000000000000 1.000000000000
2 4 60
0.604154698379 -0.216041784802 0.767022195016 -1.220900860373
0.113309386881 0.976057251983 0.185669662831 -0.023814743120
-0.788769981218 -0.025262384504 0.614169136849 0.126913483599
0.000000000000 0.000000000000 0.000000000000 1.000000000000
2 5 60
0.660675588208 -0.151850924471 0.735152408609 -1.154496854212
0.117491538137 0.988174291048 0.098525676742 -0.060002956023
-0.741419925287 0.021280677818 0.670703829674 0.344022599411
0.000000000000 0.000000000000 0.000000000000 1.000000000000
2 6 60
0.694013065398 0.043134117618 0.718669126201 -1.111726161468
0.129922167189 0.974312774872 -0.183942510569 -0.087830742408
-0.708142708449 0.221029555985 0.670581717504 0.486073248208
0.000000000000 0.000000000000 0.000000000000 1.000000000000
2 7 60
0.836053297199 -0.084444086731 0.542110764012 -0.948101691346
0.101881147159 0.994794222616 -0.002164833219 -0.098472742265
-0.539105848693 0.057040782476 0.840304250280 0.370021256394
0.000000000000 0.000000000000 0.000000000000 1.000000000000
2 8 60
0.996185248837 0.058742933684 0.064530750364 -0.595816283190
-0.064182548945 0.994248384780 0.085736513648 -0.203134773145
-0.059123179982 -0.089551198227 0.994225845814 0.985125899738
0.000000000000 0.000000000000 0.000000000000 1.000000000000
2 9 60
1.000000000000 0.000000000000 0.000000000000 0.000000000000
0.000000000000 1.000000000000 0.000000000000 0.000000000000
0.000000000000 0.000000000000 1.000000000000 0.000000000000
0.000000000000 0.000000000000 0.000000000000 1.000000000000
2 10 60
1.000000000000 0.000000000000 0.000000000000 0.000000000000
0.000000000000 1.000000000000 0.000000000000 0.000000000000
0.000000000000 0.000000000000 1.000000000000 0.000000000000
0.000000000000 0.000000000000 0.000000000000 1.000000000000
2 11 60
-0.202409461563 0.966894840175 0.155385899982 -1.062105943806
-0.892826695473 -0.117007096984 -0.434936582855 1.431732127763
-0.402356684697 -0.226767959154 0.886952868523 1.198518428316
0.000000000000 0.000000000000 0.000000000000 1.000000000000
2 12 60
-0.261326946312 -0.604600345391 0.752440462418 -1.956825687396
0.136942982523 0.748421095991 0.648931801204 -1.763281212163
-0.955486706694 0.272624807068 -0.112786825039 3.811985782561
0.000000000000 0.000000000000 0.000000000000 1.000000000000
2 13 60
-0.240511281223 0.908915751785 0.340626598729 -1.020550033048
-0.745547652178 -0.397698551451 0.534784592622 -2.659674824675
0.621540844946 -0.125331633402 0.773290992921 1.648599349263
0.000000000000 0.000000000000 0.000000000000 1.000000000000
2 14 60
1.000000000000 0.000000000000 0.000000000000 0.000000000000
0.000000000000 1.000000000000 0.000000000000 0.000000000000
0.000000000000 0.000000000000 1.000000000000 0.000000000000
0.000000000000 0.000000000000 0.000000000000 1.000000000000
2 15 60
-0.077634304873 0.677450331524 0.731460158194 -0.961129841923
0.235314117677 -0.700494671042 0.673746600632 -1.549431785186
0.968813800856 0.224428750742 -0.105031210179 2.848669265299
0.000000000000 0.000000000000 0.000000000000 1.000000000000
2 16 60
1.000000000000 0.000000000000 0.000000000000 0.000000000000
0.000000000000 1.000000000000 0.000000000000 0.000000000000
0.000000000000 0.000000000000 1.000000000000 0.000000000000
0.000000000000 0.000000000000 0.000000000000 1.000000000000
2 17 60
1.000000000000 0.000000000000 0.000000000000 0.000000000000
0.000000000000 1.000000000000 0.000000000000 0.000000000000
0.000000000000 0.000000000000 1.000000000000 0.000000000000
0.000000000000 0.000000000000 0.000000000000 1.000000000000
2 18 60
1.000000000000 0.000000000000 0.000000000000 0.000000000000
0.000000000000 1.000000000000 0.000000000000 0.000000000000
0.000000000000 0.000000000000 1.000000000000 0.000000000000
0.000000000000 0.000000000000 0.000000000000 1.000000000000
2 19 60
1.000000000000 0.000000000000 0.000000000000 0.000000000000
0.000000000000 1.000000000000 0.000000000000 0.000000000000
0.000000000000 0.000000000000 1.000000000000 0.000000000000
0.000000000000 0.000000000000 0.000000000000 1.000000000000
2 20 60
1.000000000000 0.000000000000 0.000000000000 0.000000000000
0.000000000000 1.000000000000 0.000000000000 0.000000000000
0.000000000000 0.000000000000 1.000000000000 0.000000000000
0.000000000000 0.000000000000 0.000000000000 1.000000000000
2 21 60
1.000000000000 0.000000000000 0.000000000000 0.000000000000
0.000000000000 1.000000000000 0.000000000000 0.000000000000
0.000000000000 0.000000000000 1.000000000000 0.000000000000
0.000000000000 0.000000000000 0.000000000000 1.000000000000
2 22 60
1.000000000000 0.000000000000 0.000000000000 0.000000000000
0.000000000000 1.000000000000 0.000000000000 0.000000000000
0.000000000000 0.000000000000 1.000000000000 0.000000000000
0.000000000000 0.000000000000 0.000000000000 1.000000000000
2 23 60
-0.292131069730 0.765660704902 -0.573082125936 -0.768054010247
-0.948654634152 -0.307987715576 0.072096824869 -0.012855095172
-0.121300549054 0.564718737092 0.816320356709 1.735069155604
0.000000000000 0.000000000000 0.000000000000 1.000000000000
2 24 60
0.726936489848 0.493458092124 0.477558845636 0.366500259076
0.446659349113 0.188455590327 -0.874631303078 0.914263273785
-0.521592528299 0.849107532526 -0.083412424918 2.247595010289
0.000000000000 0.000000000000 0.000000000000 1.000000000000
2 25 60
1.000000000000 0.000000000000 0.000000000000 0.000000000000
0.000000000000 1.000000000000 0.000000000000 0.000000000000
0.000000000000 0.000000000000 1.000000000000 0.000000000000
0.000000000000 0.000000000000 0.000000000000 1.000000000000
2 26 60
1.000000000000 0.000000000000 0.000000000000 0.000000000000
0.000000000000 1.000000000000 0.000000000000 0.000000000000
0.000000000000 0.000000000000 1.000000000000 0.000000000000
0.000000000000 0.000000000000 0.000000000000 1.000000000000
2 27 60
1.000000000000 0.000000000000 0.000000000000 0.000000000000
0.000000000000 1.000000000000 0.000000000000 0.000000000000
0.000000000000 0.000000000000 1.000000000000 0.000000000000
0.000000000000 0.000000000000 0.000000000000 1.000000000000
2 28 60
1.000000000000 0.000000000000 0.000000000000 0.000000000000
0.000000000000 1.000000000000 0.000000000000 0.000000000000
0.000000000000 0.000000000000 1.000000000000 0.000000000000
0.000000000000 0.000000000000 0.000000000000 1.000000000000
2 29 60
1.000000000000 0.000000000000 0.000000000000 0.000000000000
0.000000000000 1.000000000000 0.000000000000 0.000000000000
0.000000000000 0.000000000000 1.000000000000 0.000000000000
0.000000000000 0.000000000000 0.000000000000 1.000000000000
2 30 60
1.000000000000 0.000000000000 0.000000000000 0.000000000000
0.000000000000 1.000000000000 0.000000000000 0.000000000000
0.000000000000 0.000000000000 1.000000000000 0.000000000000
0.000000000000 0.000000000000 0.000000000000 1.000000000000
2 31 60
1.000000000000 0.000000000000 0.000000000000 0.000000000000
0.000000000000 1.000000000000 0.000000000000 0.000000000000
0.000000000000 0.000000000000 1.000000000000 0.000000000000
0.000000000000 0.000000000000 0.000000000000 1.000000000000
2 32 60
1.000000000000 0.000000000000 0.000000000000 0.000000000000
0.000000000000 1.000000000000 0.000000000000 0.000000000000
0.000000000000 0.000000000000 1.000000000000 0.000000000000
0.000000000000 0.000000000000 0.000000000000 1.000000000000
2 33 60
0.421902871803 -0.889844231237 -0.173710134706 -1.614077933602
0.723391019226 0.445889489455 -0.527150828981 0.146931327386
0.546537647438 0.096746097226 0.831827381495 0.627864939923
0.000000000000 0.000000000000 0.000000000000 1.000000000000
2 34 60
1.000000000000 0.000000000000 0.000000000000 0.000000000000
0.000000000000 1.000000000000 0.000000000000 0.000000000000
0.000000000000 0.000000000000 1.000000000000 0.000000000000
0.000000000000 0.000000000000 0.000000000000 1.000000000000
2 35 60
-0.884588874137 0.463407891363 -0.052494285171 0.259363135822
0.352320002254 0.737764447648 0.575824830828 -1.659348320202
0.305570187952 0.490873452133 -0.815886091453 4.834579740259
0.000000000000 0.000000000000 0.000000000000 1.000000000000
2 36 60
0.913455718185 -0.240320008908 0.328397539931 -1.762946297696
0.200702052009 0.968074325583 0.150169192801 -0.648905884059
-0.354001888743 -0.071262847720 0.932525747259 1.408981154023
0.000000000000 0.000000000000 0.000000000000 1.000000000000
2 37 60
0.792596948388 -0.366894372580 0.487009852852 -1.943867618488
0.201877011648 0.911563500029 0.358186623959 -0.641798224530
-0.575357062679 -0.185581531367 0.796569987912 2.091092123449
0.000000000000 0.000000000000 0.000000000000 1.000000000000
2 38 60
-0.186817768627 -0.467499573741 0.864027354820 -1.555695550697
0.360915972844 0.785345427322 0.502963438364 -0.782219641407
-0.913695125231 0.405803780585 0.022011583127 2.604313786509
0.000000000000 0.000000000000 0.000000000000 1.000000000000
2 39 60
-0.516253058957 -0.265544499165 0.814229020657 -1.426376996156
0.209749492685 0.882562278360 0.420819409171 -0.858824016539
-0.830354098825 0.388033431265 -0.399927651938 2.688583896367
0.000000000000 0.000000000000 0.000000000000 1.000000000000
2 40 60
-0.529627718867 -0.398633303132 0.748722892025 -1.116423887997
0.195721378429 0.801437030335 0.565147616498 -0.836883385400
-0.825340912250 0.445858919438 -0.346442206615 2.657132560653
0.000000000000 0.000000000000 0.000000000000 1.000000000000
2 41 60
-0.621342058807 -0.420406978575 0.661204974515 -0.937760207552
0.161873934548 0.756790476780 0.633296931597 -0.898573405534
-0.766636077465 0.500525870082 -0.402172821194 2.387411696244
0.000000000000 0.000000000000 0.000000000000 1.000000000000
2 42 60
1.000000000000 0.000000000000 0.000000000000 0.000000000000
0.000000000000 1.000000000000 0.000000000000 0.000000000000
0.000000000000 0.000000000000 1.000000000000 0.000000000000
0.000000000000 0.000000000000 0.000000000000 1.000000000000
2 43 60
1.000000000000 0.000000000000 0.000000000000 0.000000000000
0.000000000000 1.000000000000 0.000000000000 0.000000000000
0.000000000000 0.000000000000 1.000000000000 0.000000000000
0.000000000000 0.000000000000 0.000000000000 1.000000000000
2 44 60
1.000000000000 0.000000000000 0.000000000000 0.000000000000
0.000000000000 1.000000000000 0.000000000000 0.000000000000
0.000000000000 0.000000000000 1.000000000000 0.000000000000
0.000000000000 0.000000000000 0.000000000000 1.000000000000
2 45 60
-0.649926093273 -0.046245165717 0.758589123261 -1.251514543237
0.179124980967 0.960706095067 0.212033110847 -0.984982626606
-0.738586700717 0.273688113643 -0.616104294721 2.511285938651
