0 1 38
0.997418672914 0.005898521122 -0.071562548664 -0.021369570289
-0.004086832786 0.999668093423 0.025436210198 0.098011709814
0.071688832607 -0.025078086850 0.997111729366 0.474705925043
0.000000000000 0.000000000000 0.000000000000 1.000000000000
0 2 38
1.000000000000 0.000000000000 0.000000000000 0.000000000000
0.000000000000 1.000000000000 0.000000000000 0.000000000000
0.000000000000 0.000000000000 1.000000000000 0.000000000000
0.000000000000 0.000000000000 0.000000000000 1.000000000000
0 3 38
0.803621791517 -0.381889130257 -0.456456688406 0.944197460710
-0.485040343882 -0.864698981147 -0.130504930209 1.177261840057
-0.344859219110 0.326276514928 -0.880122579418 5.276472885137
0.000000000000 0.000000000000 0.000000000000 1.000000000000
0 4 38
1.000000000000 0.000000000000 0.000000000000 0.000000000000
0.000000000000 1.000000000000 0.000000000000 0.000000000000
0.000000000000 0.000000000000 1.000000000000 0.000000000000
0.000000000000 0.000000000000 0.000000000000 1.000000000000
0 5 38
1.000000000000 0.000000000000 0.000000000000 0.000000000000
0.000000000000 1.000000000000 0.000000000000 0.000000000000
0.000000000000 0.000000000000 1.000000000000 0.000000000000
0.000000000000 0.000000000000 0.000000000000 1.000000000000
0 6 38
0.711637488128 0.118611456247 -0.692461845835 1.138359045324
-0.142802925340 0.989490064263 0.022731855152 0.062990307052
0.687880374778 0.082708736971 0.721096286791 2.528464298446
0.000000000000 0.000000000000 0.000000000000 1.000000000000
0 7 38
1.000000000000 0.000000000000 0.000000000000 0.000000000000
0.000000000000 1.000000000000 0.000000000000 0.000000000000
0.000000000000 0.000000000000 1.000000000000 0.000000000000
0.000000000000 0.000000000000 0.000000000000 1.000000000000
0 8 38
-0.642255705508 0.130262913464 -0.755340441204 0.715221773636
0.209283391285 0.977810600057 -0.009321617323 0.169589370017
0.737365629030 -0.164067071020 -0.655266301081 5.889058127244
0.000000000000 0.000000000000 0.000000000000 1.000000000000
0 9 38
-0.737683696625 0.128578160963 -0.662789876399 1.852788075054
0.118024024738 0.991140529167 0.060916180338 -0.117028105772
0.664750399262 -0.033288255673 -0.746323521481 4.641265884337
0.000000000000 0.000000000000 0.000000000000 1.000000000000
0 10 38
-0.436182145433 0.080986082139 -0.896206667296 2.159286920904
0.028107574594 0.996682091825 0.076385679848 -0.063717515535
0.899419312810 0.008127873963 -0.437011255472 3.383296577038
0.000000000000 0.000000000000 0.000000000000 1.000000000000
0 11 38
-0.881414079726 0.465473102774 -0.080274595326 -0.278269969322
-0.443920615280 -0.874388309685 -0.195907047385 2.295089602823
-0.161380628919 -0.137039682134 0.977331273484 0.206523787987
0.000000000000 0.000000000000 0.000000000000 1.000000000000
0 12 38
0.053450548440 -0.820347842636 0.569361445791 -1.497263775084
0.835186153115 0.349266963746 0.424825467316 -0.758706469224
-0.547363799055 0.452815641423 0.703811669672 0.952989640295
0.000000000000 0.000000000000 0.000000000000 1.000000000000
0 13 38
1.000000000000 0.000000000000 0.000000000000 0.000000000000
0.000000000000 1.000000000000 0.000000000000 0.000000000000
0.000000000000 0.000000000000 1.000000000000 0.000000000000
0.000000000000 0.000000000000 0.000000000000 1.000000000000
0 14 38
1.000000000000 0.000000000000 0.000000000000 0.000000000000
0.000000000000 1.000000000000 0.000000000000 0.000000000000
0.000000000000 0.000000000000 1.000000000000 0.000000000000
0.000000000000 0.000000000000 0.000000000000 1.000000000000
0 15 38
1.000000000000 0.000000000000 0.000000000000 0.000000000000
0.000000000000 1.000000000000 0.000000000000 0.000000000000
0.000000000000 0.000000000000 1.000000000000 0.000000000000
0.000000000000 0.000000000000 0.000000000000 1.000000000000
0 16 38
1.000000000000 0.000000000000 0.000000000000 0.000000000000
0.000000000000 1.000000000000 0.000000000000 0.000000000000
0.000000000000 0.000000000000 1.000000000000 0.000000000000
0.000000000000 0.000000000000 0.000000000000 1.000000000000
0 17 38
1.000000000000 0.000000000000 0.000000000000 0.000000000000
0.000000000000 1.000000000000 0.000000000000 0.000000000000
0.000000000000 0.000000000000 1.000000000000 0.000000000000
0.000000000000 0.000000000000 0.000000000000 1.000000000000
0 18 38
1.000000000000 0.000000000000 0.000000000000 0.000000000000
0.000000000000 1.000000000000 0.000000000000 0.000000000000
0.000000000000 0.000000000000 1.000000000000 0.000000000000
0.000000000000 0.000000000000 0.000000000000 1.000000000000
0 19 38
0.114052106126 -0.980071866583 -0.162638413117 0.156750872583
-0.863194137383 -0.178802042290 0.472150093573 -0.091532793664
-0.491821103935 0.086538812136 -0.866385038951 5.581420262920
0.000000000000 0.000000000000 0.000000000000 1.000000000000
0 20 38
-0.151538346950 -0.988299976177 -0.017299898641 -0.484390076323
0.141273336219 -0.038977477108 0.989203012911 -1.474087527067
-0.978303620497 0.147458174978 0.145527017269 1.505936354726
0.000000000000 0.000000000000 0.000000000000 1.000000000000
0 21 38
1.000000000000 0.000000000000 0.000000000000 0.000000000000
0.000000000000 1.000000000000 0.000000000000 0.000000000000
0.000000000000 0.000000000000 1.000000000000 0.000000000000
0.000000000000 0.000000000000 0.000000000000 1.000000000000
0 22 38
1.000000000000 0.000000000000 0.000000000000 0.000000000000
0.000000000000 1.000000000000 0.000000000000 0.000000000000
0.000000000000 0.000000000000 1.000000000000 0.000000000000
0.000000000000 0.000000000000 0.000000000000 1.000000000000
0 23 38
1.000000000000 0.000000000000 0.000000000000 0.000000000000
0.000000000000 1.000000000000 0.000000000000 0.000000000000
0.000000000000 0.000000000000 1.000000000000 0.000000000000
0.000000000000 0.000000000000 0.000000000000 1.000000000000
0 24 38
0.167502812985 0.083835820287 0.982300546105 -2.494007829158
-0.077264762762 0.994429424684 -0.071695716456 0.941650376455
-0.982839236130 -0.063887984470 0.173047280715 1.434845784042
0.000000000000 0.000000000000 0.000000000000 1.000000000000
0 25 38
1.000000000000 0.000000000000 0.000000000000 0.000000000000
0.000000000000 1.000000000000 0.000000000000 0.000000000000
0.000000000000 0.000000000000 1.000000000000 0.000000000000
0.000000000000 0.000000000000 0.000000000000 1.000000000000
0 26 38
0.997990817250 -0.060397937125 -0.019142044727 1.023771697057
0.059694027469 0.795066668554 0.603577348514 -1.098439691183
-0.021235625015 -0.603507317060 0.797074630436 0.612907047268
0.000000000000 0.000000000000 0.000000000000 1.000000000000
0 27 38
0.960801226410 0.052150246721 -0.272289102053 1.141899386416
0.012184194032 0.973256793135 0.229396512686 0.014777750956
0.276970303003 -0.223722073975 0.934470911731 0.381269142035
0.000000000000 0.000000000000 0.000000000000 1.000000000000
0 28 38
0.931437881866 0.075813625929 -0.355915392121 1.466070163200
0.005356144207 0.975095119663 0.221722392482 -0.041604189460
0.363860940394 -0.208426969781 0.907834464164 1.180053118878
0.000000000000 0.000000000000 0.000000000000 1.000000000000
0 29 38
1.000000000000 0.000000000000 0.000000000000 0.000000000000
0.000000000000 1.000000000000 0.000000000000 0.000000000000
0.000000000000 0.000000000000 1.000000000000 0.000000000000
0.000000000000 0.000000000000 0.000000000000 1.000000000000
0 30 38
1.000000000000 0.000000000000 0.000000000000 0.000000000000
0.000000000000 1.000000000000 0.000000000000 0.000000000000
0.000000000000 0.000000000000 1.000000000000 0.000000000000
0.000000000000 0.000000000000 0.000000000000 1.000000000000
0 31 38
1.000000000000 0.000000000000 0.000000000000 0.000000000000
0.000000000000 1.000000000000 0.000000000000 0.000000000000
0.000000000000 0.000000000000 1.000000000000 0.000000000000
0.000000000000 0.000000000000 0.000000000000 1.000000000000
0 32 38
1.000000000000 0.000000000000 0.000000000000 0.000000000000
0.000000000000 1.000000000000 0.000000000000 0.000000000000
0.000000000000 0.000000000000 1.000000000000 0.000000000000
0.000000000000 0.000000000000 0.000000000000 1.000000000000
0 33 38
1.000000000000 0.000000000000 0.000000000000 0.000000000000
0.000000000000 1.000000000000 0.000000000000 0.000000000000
0.000000000000 0.000000000000 1.000000000000 0.000000000000
0.000000000000 0.000000000000 0.000000000000 1.000000000000
0 34 38
1.000000000000 0.000000000000 0.000000000000 0.000000000000
0.000000000000 1.000000000000 0.000000000000 0.000000000000
0.000000000000 0.000000000000 1.000000000000 0.000000000000
0.000000000000 0.000000000000 0.000000000000 1.000000000000
0 35 38
1.000000000000 0.000000000000 0.000000000000 0.000000000000
0.000000000000 1.000000000000 0.000000000000 0.000000000000
0.000000000000 0.000000000000 1.000000000000 0.000000000000
0.000000000000 0.000000000000 0.000000000000 1.000000000000
0 36 38
1.000000000000 0.000000000000 0.000000000000 0.000000000000
0.000000000000 1.000000000000 0.000000000000 0.000000000000
0.000000000000 0.000000000000 1.000000000000 0.000000000000
0.000000000000 0.000000000000 0.000000000000 1.000000000000
0 37 38
0.596210470514 0.802412866465 -0.025819887307 0.408780989930
-0.374682494108 0.249665623429 -0.892905428972 3.346204075980
-0.710032466482 0.542033825706 0.449503312927 2.474117933725
0.000000000000 0.000000000000 0.000000000000 1.000000000000
1 2 38
0.998865945648 -0.023125963364 -0.041617453591 0.043963994651
0.024757546605 0.998927550176 0.039125610359 -0.019905393444
0.040668003528 -0.040111585837 0.998367254156 0.889505255168
0.000000000000 0.000000000000 0.000000000000 1.000000000000
1 3 38
0.996964444744 0.012578076249 0.076835460010 0.029406700550
-0.015649547820 0.999096845495 0.039504239962 0.006756812607
-0.076269178376 -0.040586762864 0.996260873020 1.580424395940
0.000000000000 0.000000000000 0.000000000000 1.000000000000
1 4 38
1.000000000000 0.000000000000 0.000000000000 0.000000000000
0.000000000000 1.000000000000 0.000000000000 0.000000000000
0.000000000000 0.000000000000 1.000000000000 0.000000000000
0.000000000000 0.000000000000 0.000000000000 1.000000000000
1 5 38
1.000000000000 0.000000000000 0.000000000000 0.000000000000
0.000000000000 1.000000000000 0.000000000000 0.000000000000
0.000000000000 0.000000000000 1.000000000000 0.000000000000
0.000000000000 0.000000000000 0.000000000000 1.000000000000
1 6 38
0.508966574030 0.093801537651 -0.855660153364 1.400621391178
-0.008206837198 0.994528439147 0.104143322167 -0.044502251823
0.860747160520 -0.045983206316 0.506951546396 2.709146431050
0.000000000000 0.000000000000 0.000000000000 1.000000000000
1 7 38
-0.853984381076 0.103459448773 0.509908638227 -1.305366474189
-0.271709746968 0.747102645112 -0.606639473715 1.226437710108
-0.443716677939 -0.656607782566 -0.609903049338 4.599694428680
0.000000000000 0.000000000000 0.000000000000 1.000000000000
1 8 38
0.099771490694 -0.007983191828 -0.994978350665 2.050902883448
0.021226514194 0.999757324104 -0.005893046349 -0.204780072068
0.994783938722 -0.020531964064 0.099916733893 2.650575458498
0.000000000000 0.000000000000 0.000000000000 1.000000000000
1 9 38
-0.335339822834 0.025764104208 -0.941744877425 2.412087032750
0.026530501311 0.999487788215 0.017896751365 -0.097351995346
0.941723598367 -0.018983470273 -0.335851592425 2.945271664437
0.000000000000 0.000000000000 0.000000000000 1.000000000000
1 10 38
0.188859175526 0.081240803222 -0.978637902246 2.003111186152
-0.043747659129 0.996278669702 0.074262740446 -0.144342705812
0.981029232052 0.028787917425 0.191710463120 1.398992919970
0.000000000000 0.000000000000 0.000000000000 1.000000000000
1 11 38
1.000000000000 0.000000000000 0.000000000000 0.000000000000
0.000000000000 1.000000000000 0.000000000000 0.000000000000
0.000000000000 0.000000000000 1.000000000000 0.000000000000
0.000000000000 0.000000000000 0.000000000000 1.000000000000
1 12 38
-0.775986954547 -0.471197112149 0.419306007440 -0.275043973858
0.630730958787 -0.574657807124 0.521485246520 -0.414412249296
-0.004764871439 0.669135028387 0.743125567980 0.503694283176
0.000000000000 0.000000000000 0.000000000000 1.000000000000
1 13 38
1.000000000000 0.000000000000 0.000000000000 0.000000000000
0.000000000000 1.000000000000 0.000000000000 0.000000000000
0.000000000000 0.000000000000 1.000000000000 0.000000000000
0.000000000000 0.000000000000 0.000000000000 1.000000000000
1 14 38
1.000000000000 0.000000000000 0.000000000000 0.000000000000
0.000000000000 1.000000000000 0.000000000000 0.000000000000
0.000000000000 0.000000000000 1.000000000000 0.000000000000
0.000000000000 0.000000000000 0.000000000000 1.000000000000
1 15 38
1.000000000000 0.000000000000 0.000000000000 0.000000000000
0.000000000000 1.000000000000 0.000000000000 0.000000000000
0.000000000000 0.000000000000 1.000000000000 0.000000000000
0.000000000000 0.000000000000 0.000000000000 1.000000000000
1 16 38
1.000000000000 0.000000000000 0.000000000000 0.000000000000
0.000000000000 1.000000000000 0.000000000000 0.000000000000
0.000000000000 0.000000000000 1.000000000000 0.000000000000
0.000000000000 0.000000000000 0.000000000000 1.000000000000
1 17 38
1.000000000000 0.000000000000 0.000000000000 0.000000000000
0.000000000000 1.000000000000 0.000000000000 0.000000000000
0.000000000000 0.000000000000 1.000000000000 0.000000000000
0.000000000000 0.000000000000 0.000000000000 1.000000000000
1 18 38
1.000000000000 0.000000000000 0.000000000000 0.000000000000
0.000000000000 1.000000000000 0.000000000000 0.000000000000
0.000000000000 0.000000000000 1.000000000000 0.000000000000
0.000000000000 0.000000000000 0.000000000000 1.000000000000
1 19 38
0.385171168635 -0.875856360168 0.290721184653 -1.100632798721
0.592265943703 0.476199620251 0.649965363387 -1.185819230880
-0.707717615142 -0.078163661805 0.702158257939 1.121731672299
0.000000000000 0.000000000000 0.000000000000 1.000000000000
1 20 38
1.000000000000 0.000000000000 0.000000000000 0.000000000000
0.000000000000 1.000000000000 0.000000000000 0.000000000000
0.000000000000 0.000000000000 1.000000000000 0.000000000000
0.000000000000 0.000000000000 0.000000000000 1.000000000000
1 21 38
1.000000000000 0.000000000000 0.000000000000 0.000000000000
0.000000000000 1.000000000000 0.000000000000 0.000000000000
0.000000000000 0.000000000000 1.000000000000 0.000000000000
0.000000000000 0.000000000000 0.000000000000 1.000000000000
1 22 38
1.000000000000 0.000000000000 0.000000000000 0.000000000000
0.000000000000 1.000000000000 0.000000000000 0.000000000000
0.000000000000 0.000000000000 1.000000000000 0.000000000000
0.000000000000 0.000000000000 0.000000000000 1.000000000000
1 23 38
1.000000000000 0.000000000000 0.000000000000 0.000000000000
0.000000000000 1.000000000000 0.000000000000 0.000000000000
0.000000000000 0.000000000000 1.000000000000 0.000000000000
0.000000000000 0.000000000000 0.000000000000 1.000000000000
1 24 38
1.000000000000 0.000000000000 0.000000000000 0.000000000000
0.000000000000 1.000000000000 0.000000000000 0.000000000000
0.000000000000 0.000000000000 1.000000000000 0.000000000000
0.000000000000 0.000000000000 0.000000000000 1.000000000000
1 25 38
0.963006278370 -0.242420149600 0.117691881148 -1.855967516135
-0.088902899695 0.126486028352 0.987976497219 -2.721197253920
-0.254391788873 -0.961890719209 0.100254985185 2.701594954035
0.000000000000 0.000000000000 0.000000000000 1.000000000000
1 26 38
-0.735127131527 0.593077414987 0.328401096719 -2.105829704597
-0.539813929081 -0.805138587991 0.245668020095 0.127520306125
0.410108549610 0.003321740586 0.912030670304 -0.012902296898
0.000000000000 0.000000000000 0.000000000000 1.000000000000
1 27 38
0.966597795557 0.072048636061 -0.245962793255 1.202599417557
-0.010755039977 0.970231766942 0.241939346803 -0.188998931481
0.256072315449 -0.231212699604 0.938598773067 -0.092405989714
0.000000000000 0.000000000000 0.000000000000 1.000000000000
1 28 38
0.975124277551 0.064374744631 -0.212105010750 1.350046935491
-0.032961248056 0.988371947939 0.148440050707 -0.049015669295
0.219194433000 -0.137756251332 0.965907353612 0.400707268082
0.000000000000 0.000000000000 0.000000000000 1.000000000000
1 29 38
1.000000000000 0.000000000000 0.000000000000 0.000000000000
0.000000000000 1.000000000000 0.000000000000 0.000000000000
0.000000000000 0.000000000000 1.000000000000 0.000000000000
0.000000000000 0.000000000000 0.000000000000 1.000000000000
1 30 38
1.000000000000 0.000000000000 0.000000000000 0.000000000000
0.000000000000 1.000000000000 0.000000000000 0.000000000000
0.000000000000 0.000000000000 1.000000000000 0.000000000000
0.000000000000 0.000000000000 0.000000000000 1.000000000000
1 31 38
1.000000000000 0.000000000000 0.000000000000 0.000000000000
0.000000000000 1.000000000000 0.000000000000 0.000000000000
0.000000000000 0.000000000000 1.000000000000 0.000000000000
0.000000000000 0.000000000000 0.000000000000 1.000000000000
1 32 38
1.000000000000 0.000000000000 0.000000000000 0.000000000000
0.000000000000 1.000000000000 0.000000000000 0.000000000000
0.000000000000 0.000000000000 1.000000000000 0.000000000000
0.000000000000 0.000000000000 0.000000000000 1.000000000000
1 33 38
1.000000000000 0.000000000000 0.000000000000 0.000000000000
0.000000000000 1.000000000000 0.000000000000 0.000000000000
0.000000000000 0.000000000000 1.000000000000 0.000000000000
0.000000000000 0.000000000000 0.000000000000 1.000000000000
1 34 38
1.000000000000 0.000000000000 0.000000000000 0.000000000000
0.000000000000 1.000000000000 0.000000000000 0.000000000000
0.000000000000 0.000000000000 1.000000000000 0.000000000000
0.000000000000 0.000000000000 0.000000000000 1.000000000000
1 35 38
-0.119683335955 -0.906917928969 -0.403950206349 0.635912837227
0.844140677522 -0.307125986981 0.439431615469 -0.203653440192
-0.522592016441 -0.288398159209 0.802324177697 0.312080744640
0.000000000000 0.000000000000 0.000000000000 1.000000000000
1 36 38
-0.651449070258 0.208866708092 0.729375628267 -1.787287335620
-0.750623031452 -0.317274483442 -0.579570502019 2.234529078149
0.110359292830 -0.925046809847 0.363468328852 1.726222755376
0.000000000000 0.000000000000 0.000000000000 1.000000000000
1 37 38
1.000000000000 0.000000000000 0.000000000000 0.000000000000
0.000000000000 1.000000000000 0.000000000000 0.000000000000
0.000000000000 0.000000000000 1.000000000000 0.000000000000
0.000000000000 0.000000000000 0.000000000000 1.000000000000
2 3 38
0.999545813497 -0.016022547182 -0.025523414788 0.222618798335
0.016661732217 0.999547829529 0.025030444749 -0.041485703100
0.025110822371 -0.025444340561 0.999360811786 0.753636004672
0.000000000000 0.000000000000 0.000000000000 1.000000000000
2 4 38
0.967400538630 -0.019438690719 -0.252504128997 0.706574905757
0.035080810699 0.997723535238 0.057594131229 -0.074725462160
0.250809757741 -0.064574643123 0.965880210423 1.281139899215
0.000000000000 0.000000000000 0.000000000000 1.000000000000
2 5 38
0.836485670014 0.102604807201 -0.538297294625 0.989292587202
-0.063872245981 0.993874448909 0.090188225395 -0.202829789583
0.544253672523 -0.041058900934 0.837915333789 1.697164257986
0.000000000000 0.000000000000 0.000000000000 1.000000000000
2 6 38
0.500128067584 0.196734926958 -0.843307348794 1.502443585384
-0.089636167445 0.980380703370 0.175553507355 -0.331888990961
0.861299758215 -0.012208397667 0.507950471528 1.917610677772
0.000000000000 0.000000000000 0.000000000000 1.000000000000
2 7 38
0.220217183869 0.119897279656 -0.968054251713 1.891878005375
-0.041870536726 0.992664424089 0.113420453637 -0.450731589061
0.974551820112 0.015555818206 0.223621927450 2.001616210859
0.000000000000 0.000000000000 0.000000000000 1.000000000000
2 8 38
0.165966275094 0.072757339210 -0.983443727481 2.063074187585
-0.043558855378 0.996842008126 0.066397567369 -0.473578934563
0.985168930514 0.031817926166 0.168611381363 1.620770111829
0.000000000000 0.000000000000 0.000000000000 1.000000000000
2 9 38
1.000000000000 0.000000000000 0.000000000000 0.000000000000
0.000000000000 1.000000000000 0.000000000000 0.000000000000
0.000000000000 0.000000000000 1.000000000000 0.000000000000
0.000000000000 0.000000000000 0.000000000000 1.000000000000
2 10 38
1.000000000000 0.000000000000 0.000000000000 0.000000000000
0.000000000000 1.000000000000 0.000000000000 0.000000000000
0.000000000000 0.000000000000 1.000000000000 0.000000000000
0.000000000000 0.000000000000 0.000000000000 1.000000000000
2 11 38
1.000000000000 0.000000000000 0.000000000000 0.000000000000
0.000000000000 1.000000000000 0.000000000000 0.000000000000
0.000000000000 0.000000000000 1.000000000000 0.000000000000
0.000000000000 0.000000000000 0.000000000000 1.000000000000
2 12 38
1.000000000000 0.000000000000 0.000000000000 0.000000000000
0.000000000000 1.000000000000 0.000000000000 0.000000000000
0.000000000000 0.000000000000 1.000000000000 0.000000000000
0.000000000000 0.000000000000 0.000000000000 1.000000000000
2 13 38
0.957180497454 -0.018787571658 0.288881502427 -2.930293686675
0.048751435555 0.994101271890 -0.096881157914 0.269375540407
-0.285357307291 0.106816142875 0.952450271036 0.431658694389
0.000000000000 0.000000000000 0.000000000000 1.000000000000
2 14 38
1.000000000000 0.000000000000 0.000000000000 0.000000000000
0.000000000000 1.000000000000 0.000000000000 0.000000000000
0.000000000000 0.000000000000 1.000000000000 0.000000000000
0.000000000000 0.000000000000 0.000000000000 1.000000000000
2 15 38
1.000000000000 0.000000000000 0.000000000000 0.000000000000
0.000000000000 1.000000000000 0.000000000000 0.000000000000
0.000000000000 0.000000000000 1.000000000000 0.000000000000
0.000000000000 0.000000000000 0.000000000000 1.000000000000
2 16 38
0.969024522837 -0.238011416970 -0.065894154002 0.474075145988
0.230645913171 0.967565914508 -0.103046901069 -0.048713305925
0.088283276316 0.084656756816 0.992491459232 0.736140710615
0.000000000000 0.000000000000 0.000000000000 1.000000000000
2 17 38
1.000000000000 0.000000000000 0.000000000000 0.000000000000
0.000000000000 1.000000000000 0.000000000000 0.000000000000
0.000000000000 0.000000000000 1.000000000000 0.000000000000
0.000000000000 0.000000000000 0.000000000000 1.000000000000
2 18 38
1.000000000000 0.000000000000 0.000000000000 0.000000000000
0.000000000000 1.000000000000 0.000000000000 0.000000000000
0.000000000000 0.000000000000 1.000000000000 0.000000000000
0.000000000000 0.000000000000 0.000000000000 1.000000000000
2 19 38
0.562436837506 0.303273160975 -0.769214010305 1.600653882469
-0.751933451238 0.574527776112 -0.323286126187 -0.071837197465
0.343890809307 0.760225771931 0.551176820055 1.435594452770
0.000000000000 0.000000000000 0.000000000000 1.000000000000
2 20 38
1.000000000000 0.000000000000 0.000000000000 0.000000000000
0.000000000000 1.000000000000 0.000000000000 0.000000000000
0.000000000000 0.000000000000 1.000000000000 0.000000000000
0.000000000000 0.000000000000 0.000000000000 1.000000000000
2 21 38
1.000000000000 0.000000000000 0.000000000000 0.000000000000
0.000000000000 1.000000000000 0.000000000000 0.000000000000
0.000000000000 0.000000000000 1.000000000000 0.000000000000
0.000000000000 0.000000000000 0.000000000000 1.000000000000
2 22 38
1.000000000000 0.000000000000 0.000000000000 0.000000000000
0.000000000000 1.000000000000 0.000000000000 0.000000000000
0.000000000000 0.000000000000 1.000000000000 0.000000000000
0.000000000000 0.000000000000 0.000000000000 1.000000000000
2 23 38
1.000000000000 0.000000000000 0.000000000000 0.000000000000
0.000000000000 1.000000000000 0.000000000000 0.000000000000
0.000000000000 0.000000000000 1.000000000000 0.000000000000
0.000000000000 0.000000000000 0.000000000000 1.000000000000
2 24 38
1.000000000000 0.000000000000 0.000000000000 0.000000000000
0.000000000000 1.000000000000 0.000000000000 0.000000000000
0.000000000000 0.000000000000 1.000000000000 0.000000000000
0.000000000000 0.000000000000 0.000000000000 1.000000000000
2 25 38
1.000000000000 0.000000000000 0.000000000000 0.000000000000
0.000000000000 1.000000000000 0.000000000000 0.000000000000
0.000000000000 0.000000000000 1.000000000000 0.000000000000
0.000000000000 0.000000000000 0.000000000000 1.000000000000
2 26 38
1.000000000000 0.000000000000 0.000000000000 0.000000000000
0.000000000000 1.000000000000 0.000000000000 0.000000000000
0.000000000000 0.000000000000 1.000000000000 0.000000000000
0.000000000000 0.000000000000 0.000000000000 1.000000000000
2 27 38
0.841861895209 0.240731618118 0.483028816359 -0.960252451694
0.509033721367 -0.651548631770 -0.562466933205 1.873271074366
0.179313189436 0.719397434299 -0.671054477384 5.342351059852
0.000000000000 0.000000000000 0.000000000000 1.000000000000
2 28 38
0.957062493087 0.124070968254 -0.261988127904 1.541519198864
-0.111921212382 0.991851698370 0.060859269298 0.066048960787
0.267404238083 -0.028924095097 0.963150232403 -0.394822014237
0.000000000000 0.000000000000 0.000000000000 1.000000000000
2 29 38
1.000000000000 0.000000000000 0.000000000000 0.000000000000
0.000000000000 1.000000000000 0.000000000000 0.000000000000
0.000000000000 0.000000000000 1.000000000000 0.000000000000
0.000000000000 0.000000000000 0.000000000000 1.000000000000
2 30 38
1.000000000000 0.000000000000 0.000000000000 0.000000000000
0.000000000000 1.000000000000 0.000000000000 0.000000000000
0.000000000000 0.000000000000 1.000000000000 0.000000000000
0.000000000000 0.000000000000 0.000000000000 1.000000000000
2 31 38
1.000000000000 0.000000000000 0.000000000000 0.000000000000
0.000000000000 1.000000000000 0.000000000000 0.000000000000
0.000000000000 0.000000000000 1.000000000000 0.000000000000
0.000000000000 0.000000000000 0.000000000000 1.000000000000
2 32 38
1.000000000000 0.000000000000 0.000000000000 0.000000000000
0.000000000000 1.000000000000 0.000000000000 0.000000000000
0.000000000000 0.000000000000 1.000000000000 0.000000000000
0.000000000000 0.000000000000 0.000000000000 1.000000000000
2 33 38
1.000000000000 0.000000000000 0.000000000000 0.000000000000
0.000000000000 1.000000000000 0.000000000000 0.000000000000
0.000000000000 0.000000000000 1.000000000000 0.000000000000
0.000000000000 0.000000000000 0.000000000000 1.000000000000
2 34 38
1.000000000000 0.000000000000 0.000000000000 0.000000000000
0.000000000000 1.000000000000 0.000000000000 0.000000000000
0.000000000000 0.000000000000 1.000000000000 0.000000000000
0.000000000000 0.000000000000 0.000000000000 1.000000000000
2 35 38
-0.624412629307 0.641301910804 -0.445915605873 0.517386593524
0.363452170401 0.743864735923 0.560863418741 -1.193036407234
0.691383676545 0.188141207208 -0.697561106970 6.120218463645
0.000000000000 0.000000000000 0.000000000000 1.000000000000
2 36 38
1.000000000000 0.000000000000 0.000000000000 0.000000000000
0.000000000000 1.000000000000 0.000000000000 0.000000000000
0.000000000000 0.000000000000 1.000000000000 0.000000000000
0.000000000000 0.000000000000 0.000000000000 1.000000000000
2 37 38
1.000000000000 0.000000000000 0.000000000000 0.000000000000
0.000000000000 1.000000000000 0.000000000000 0.000000000000
0.000000000000 0.000000000000 1.000000000000 0.000000000000
0.000000000000 0.000000000000 0.000000000000 1.000000000000
3 4 38
0.981034935097 0.010364668631 -0.193553687031 0.460246792377
-0.003802224460 0.999406208143 0.034245791179 -0.051001687226
0.193793702705 -0.032860382964 0.980491813338 0.521325988611
0.000000000000 0.000000000000 0.000000000000 1.000000000000
3 5 38
0.827459669008 0.123738438570 -0.547721913918 0.865748053893
-0.062824791605 0.989694752491 0.128675337387 -0.199590403739
0.557999589360 -0.072063136984 0.826706333932 1.038034577996
0.000000000000 0.000000000000 0.000000000000 1.000000000000
3 6 38
0.571709189014 0.189574638084 -0.798254382883 1.267147120060
-0.094270626886 0.981673981084 0.165617764049 -0.315835624873
0.815022485643 -0.019433256482 0.579103355576 1.044563110192
0.000000000000 0.000000000000 0.000000000000 1.000000000000
3 7 38
0.255215982075 0.154706830235 -0.954426843279 1.678428687067
-0.106298121692 0.985622023396 0.131339012949 -0.420959190113
0.961023158835 0.067933965558 0.267991538123 1.174885877645
0.000000000000 0.000000000000 0.000000000000 1.000000000000
3 8 38
1.000000000000 0.000000000000 0.000000000000 0.000000000000
0.000000000000 1.000000000000 0.000000000000 0.000000000000
0.000000000000 0.000000000000 1.000000000000 0.000000000000
0.000000000000 0.000000000000 0.000000000000 1.000000000000
3 9 38
1.000000000000 0.000000000000 0.000000000000 0.000000000000
0.000000000000 1.000000000000 0.000000000000 0.000000000000
0.000000000000 0.000000000000 1.000000000000 0.000000000000
0.000000000000 0.000000000000 0.000000000000 1.000000000000
3 10 38
1.000000000000 0.000000000000 0.000000000000 0.000000000000
0.000000000000 1.000000000000 0.000000000000 0.000000000000
0.000000000000 0.000000000000 1.000000000000 0.000000000000
0.000000000000 0.000000000000 0.000000000000 1.000000000000
3 11 38
1.000000000000 0.000000000000 0.000000000000 0.000000000000
0.000000000000 1.000000000000 0.000000000000 0.000000000000
0.000000000000 0.000000000000 1.000000000000 0.000000000000
0.000000000000 0.000000000000 0.000000000000 1.000000000000
3 12 38
1.000000000000 0.000000000000 0.000000000000 0.000000000000
0.000000000000 1.000000000000 0.000000000000 0.000000000000
0.000000000000 0.000000000000 1.000000000000 0.000000000000
0.000000000000 0.000000000000 0.000000000000 1.000000000000
3 13 38
1.000000000000 0.000000000000 0.000000000000 0.000000000000
0.000000000000 1.000000000000 0.000000000000 0.000000000000
0.000000000000 0.000000000000 1.000000000000 0.000000000000
0.000000000000 0.000000000000 0.000000000000 1.000000000000
3 14 38
1.000000000000 0.000000000000 0.000000000000 0.000000000000
0.000000000000 1.000000000000 0.000000000000 0.000000000000
0.000000000000 0.000000000000 1.000000000000 0.000000000000
0.000000000000 0.000000000000 0.000000000000 1.000000000000
3 15 38
0.964104481894 -0.247808317753 -0.095360293855 0.158866175942
0.228232615664 0.956950221215 -0.179321351948 0.288539431699
0.135692376863 0.151120189816 0.979157937767 0.035788483020
0.000000000000 0.000000000000 0.000000000000 1.000000000000
3 16 38
0.985692248311 -0.146246403501 -0.083802035077 0.245120716760
0.143037027683 0.988777019273 -0.043132526807 0.010491526320
0.089169503372 0.030528603312 0.995548494072 0.006450304234
0.000000000000 0.000000000000 0.000000000000 1.000000000000
3 17 38
1.000000000000 0.000000000000 0.000000000000 0.000000000000
0.000000000000 1.000000000000 0.000000000000 0.000000000000
0.000000000000 0.000000000000 1.000000000000 0.000000000000
0.000000000000 0.000000000000 0.000000000000 1.000000000000
3 18 38
1.000000000000 0.000000000000 0.000000000000 0.000000000000
0.000000000000 1.000000000000 0.000000000000 0.000000000000
0.000000000000 0.000000000000 1.000000000000 0.000000000000
0.000000000000 0.000000000000 0.000000000000 1.000000000000
3 19 38
1.000000000000 0.000000000000 0.000000000000 0.000000000000
0.000000000000 1.000000000000 0.000000000000 0.000000000000
0.000000000000 0.000000000000 1.000000000000 0.000000000000
0.000000000000 0.000000000000 0.000000000000 1.000000000000
3 20 38
1.000000000000 0.000000000000 0.000000000000 0.000000000000
0.000000000000 1.000000000000 0.000000000000 0.000000000000
0.000000000000 0.000000000000 1.000000000000 0.000000000000
0.000000000000 0.000000000000 0.000000000000 1.000000000000
3 21 38
0.939348203721 0.341148891658 -0.035247494744 -0.134149908037
-0.338952274286 0.939117226185 0.056304451323 0.166372487347
0.052309730658 -0.040942266705 0.997791272199 -0.255881009575
0.000000000000 0.000000000000 0.000000000000 1.000000000000
3 22 38
1.000000000000 0.000000000000 0.000000000000 0.000000000000
0.000000000000 1.000000000000 0.000000000000 0.000000000000
0.000000000000 0.000000000000 1.000000000000 0.000000000000
0.000000000000 0.000000000000 0.000000000000 1.000000000000
3 23 38
1.000000000000 0.000000000000 0.000000000000 0.000000000000
0.000000000000 1.000000000000 0.000000000000 0.000000000000
0.000000000000 0.000000000000 1.000000000000 0.000000000000
0.000000000000 0.000000000000 0.000000000000 1.000000000000
3 24 38
1.000000000000 0.000000000000 0.000000000000 0.000000000000
0.000000000000 1.000000000000 0.000000000000 0.000000000000
0.000000000000 0.000000000000 1.000000000000 0.000000000000
0.000000000000 0.000000000000 0.000000000000 1.000000000000
3 25 38
1.000000000000 0.000000000000 0.000000000000 0.000000000000
0.000000000000 1.000000000000 0.000000000000 0.000000000000
0.000000000000 0.000000000000 1.000000000000 0.000000000000
0.000000000000 0.000000000000 0.000000000000 1.000000000000
3 26 38
1.000000000000 0.000000000000 0.000000000000 0.000000000000
0.000000000000 1.000000000000 0.000000000000 0.000000000000
0.000000000000 0.000000000000 1.000000000000 0.000000000000
0.000000000000 0.000000000000 0.000000000000 1.000000000000
3 27 38
1.000000000000 0.000000000000 0.000000000000 0.000000000000
0.000000000000 1.000000000000 0.000000000000 0.000000000000
0.000000000000 0.000000000000 1.000000000000 0.000000000000
0.000000000000 0.000000000000 0.000000000000 1.000000000000
3 28 38
1.000000000000 0.000000000000 0.000000000000 0.000000000000
0.000000000000 1.000000000000 0.000000000000 0.000000000000
0.000000000000 0.000000000000 1.000000000000 0.000000000000
0.000000000000 0.000000000000 0.000000000000 1.000000000000
3 29 38
1.000000000000 0.000000000000 0.000000000000 0.000000000000
0.000000000000 1.000000000000 0.000000000000 0.000000000000
0.000000000000 0.000000000000 1.000000000000 0.000000000000
0.000000000000 0.000000000000 0.000000000000 1.000000000000
3 30 38
0.783250673816 0.294404310555 0.547580572969 -0.078186184210
-0.283881294895 0.952950064819 -0.106290095357 -0.205590561175
-0.553109204747 -0.072196093306 0.829974657285 -0.590500110264
0.000000000000 0.000000000000 0.000000000000 1.000000000000
3 31 38
1.000000000000 0.000000000000 0.000000000000 0.000000000000
0.000000000000 1.000000000000 0.000000000000 0.000000000000
0.000000000000 0.000000000000 1.000000000000 0.000000000000
0.000000000000 0.000000000000 0.000000000000 1.000000000000
3 32 38
1.000000000000 0.000000000000 0.000000000000 0.000000000000
0.000000000000 1.000000000000 0.000000000000 0.000000000000
0.000000000000 0.000000000000 1.000000000000 0.000000000000
0.000000000000 0.000000000000 0.000000000000 1.000000000000
3 33 38
-0.858329944669 -0.123237307939 -0.498078580162 0.367814019560
0.253752344951 -0.945661872890 -0.203306098272 -0.163333848848
-0.445959026724 -0.300892319767 0.842961658908 -0.312280770231
0.000000000000 0.000000000000 0.000000000000 1.000000000000
3 34 38
1.000000000000 0.000000000000 0.000000000000 0.000000000000
0.000000000000 1.000000000000 0.000000000000 0.000000000000
0.000000000000 0.000000000000 1.000000000000 0.000000000000
0.000000000000 0.000000000000 0.000000000000 1.000000000000
3 35 38
1.000000000000 0.000000000000 0.000000000000 0.000000000000
0.000000000000 1.000000000000 0.000000000000 0.000000000000
0.000000000000 0.000000000000 1.000000000000 0.000000000000
0.000000000000 0.000000000000 0.000000000000 1.000000000000
3 36 38
1.000000000000 0.000000000000 0.000000000000 0.000000000000
0.000000000000 1.000000000000 0.000000000000 0.000000000000
0.000000000000 0.000000000000 1.000000000000 0.000000000000
0.000000000000 0.000000000000 0.000000000000 1.000000000000
3 37 38
1.000000000000 0.000000000000 0.000000000000 0.000000000000
0.000000000000 1.000000000000 0.000000000000 0.000000000000
0.000000000000 0.000000000000 1.000000000000 0.000000000000
0.000000000000 0.000000000000 0.000000000000 1.000000000000
4 5 38
0.937665198731 0.072144682941 -0.339969292454 0.418284580129
-0.055037420140 0.996697315097 0.059710505459 -0.127411934435
0.343154276489 -0.037277430184 0.938539043261 0.393305741490
0.000000000000 0.000000000000 0.000000000000 1.000000000000
4 6 38
0.715024209858 0.156879322718 -0.681270326244 0.910938466063
-0.129275628060 0.987361091126 0.091683628422 -0.183385023762
0.687043078203 0.022515635335 0.726267757001 0.359906568390
0.000000000000 0.000000000000 0.000000000000 1.000000000000
4 7 38
0.471604037196 0.108997080316 -0.875048152151 1.293405094977
-0.139368612685 0.989072266308 0.048087855217 -0.251925997661
0.870727294794 0.099275820338 0.481641245740 0.329105473367
0.000000000000 0.000000000000 0.000000000000 1.000000000000
4 8 38
0.115533256705 -0.902921401869 0.413986725201 -1.042392646112
0.980149819251 0.036027697612 -0.194957269231 0.177065568956
0.161116102288 0.428293062110 0.889160646077 -0.688780385926
0.000000000000 0.000000000000 0.000000000000 1.000000000000
4 9 38
1.000000000000 0.000000000000 0.000000000000 0.000000000000
0.000000000000 1.000000000000 0.000000000000 0.000000000000
0.000000000000 0.000000000000 1.000000000000 0.000000000000
0.000000000000 0.000000000000 0.000000000000 1.000000000000
4 10 38
1.000000000000 0.000000000000 0.000000000000 0.000000000000
0.000000000000 1.000000000000 0.000000000000 0.000000000000
0.000000000000 0.000000000000 1.000000000000 0.000000000000
0.000000000000 0.000000000000 0.000000000000 1.000000000000
4 11 38
1.000000000000 0.000000000000 0.000000000000 0.000000000000
0.000000000000 1.000000000000 0.000000000000 0.000000000000
0.000000000000 0.000000000000 1.000000000000 0.000000000000
0.000000000000 0.000000000000 0.000000000000 1.000000000000
4 12 38
-0.683247907314 0.730073673521 0.012834655531 -0.505728302640
0.009534091212 -0.008655898307 0.999917084827 -3.053231617530
0.730124234809 0.683313622473 -0.001046464591 1.623583395734
0.000000000000 0.000000000000 0.000000000000 1.000000000000
4 13 38
0.543049853175 0.079627077165 -0.835916494363 1.643454584099
-0.122280760055 0.992380794202 0.015092217186 -0.325885706411
0.830749223705 0.094020677946 0.548649104102 -0.183975025873
0.000000000000 0.000000000000 0.000000000000 1.000000000000
4 14 38
1.000000000000 0.000000000000 0.000000000000 0.000000000000
0.000000000000 1.000000000000 0.000000000000 0.000000000000
0.000000000000 0.000000000000 1.000000000000 0.000000000000
0.000000000000 0.000000000000 0.000000000000 1.000000000000
4 15 38
1.000000000000 0.000000000000 0.000000000000 0.000000000000
0.000000000000 1.000000000000 0.000000000000 0.000000000000
0.000000000000 0.000000000000 1.000000000000 0.000000000000
0.000000000000 0.000000000000 0.000000000000 1.000000000000
4 16 38
1.000000000000 0.000000000000 0.000000000000 0.000000000000
0.000000000000 1.000000000000 0.000000000000 0.000000000000
0.000000000000 0.000000000000 1.000000000000 0.000000000000
0.000000000000 0.000000000000 0.000000000000 1.000000000000
4 17 38
1.000000000000 0.000000000000 0.000000000000 0.000000000000
0.000000000000 1.000000000000 0.000000000000 0.000000000000
0.000000000000 0.000000000000 1.000000000000 0.000000000000
0.000000000000 0.000000000000 0.000000000000 1.000000000000
4 18 38
1.000000000000 0.000000000000 0.000000000000 0.000000000000
0.000000000000 1.000000000000 0.000000000000 0.000000000000
0.000000000000 0.000000000000 1.000000000000 0.000000000000
0.000000000000 0.000000000000 0.000000000000 1.000000000000
4 19 38
-0.553688726382 0.664238377538 -0.502211282314 0.668280736072
-0.626845727583 0.064543527040 0.776465431896 -2.156236678554
0.548172626176 0.744729152728 0.380637965773 1.123288657765
0.000000000000 0.000000000000 0.000000000000 1.000000000000
4 20 38
1.000000000000 0.000000000000 0.000000000000 0.000000000000
0.000000000000 1.000000000000 0.000000000000 0.000000000000
0.000000000000 0.000000000000 1.000000000000 0.000000000000
0.000000000000 0.000000000000 0.000000000000 1.000000000000
4 21 38
1.000000000000 0.000000000000 0.000000000000 0.000000000000
0.000000000000 1.000000000000 0.000000000000 0.000000000000
0.000000000000 0.000000000000 1.000000000000 0.000000000000
0.000000000000 0.000000000000 0.000000000000 1.000000000000
4 22 38
1.000000000000 0.000000000000 0.000000000000 0.000000000000
0.000000000000 1.000000000000 0.000000000000 0.000000000000
0.000000000000 0.000000000000 1.000000000000 0.000000000000
0.000000000000 0.000000000000 0.000000000000 1.000000000000
4 23 38
1.000000000000 0.000000000000 0.000000000000 0.000000000000
