0 1 66
0.980281186648 -0.058658683339 0.188700699451 -0.473465980788
0.058810685306 0.998257621183 0.004798441740 0.018725055440
-0.188653381624 0.006393795290 0.982022922840 0.105151907469
0.000000000000 0.000000000000 0.000000000000 1.000000000000
0 2 66
0.863375532675 -0.031938797698 0.503550000278 -0.620891141654
0.076244649491 0.994792885776 -0.067630376564 -0.020537176348
-0.498767924994 0.096783405663 0.861315000093 0.088260090749
0.000000000000 0.000000000000 0.000000000000 1.000000000000
0 3 66
0.588072204722 -0.207569214202 0.781719964788 -0.518170219882
0.290844623749 0.956126878255 0.035082723882 0.075898415356
-0.754705563031 0.206727874255 0.622642031296 0.033196570603
0.000000000000 0.000000000000 0.000000000000 1.000000000000
0 4 66
0.916814301836 0.213492846885 0.337449759634 -1.155046352063
-0.068919261278 -0.747790823149 0.660347651044 -1.630418460421
0.393321333483 -0.628672958814 -0.670871552149 4.409081903928
0.000000000000 0.000000000000 0.000000000000 1.000000000000
0 5 66
0.423311619762 -0.044207667082 0.904904942381 -0.838791215335
0.273299746463 0.958510637783 -0.081022255214 0.015949927278
-0.863779208570 0.281607953417 0.417830634844 -0.023357449362
0.000000000000 0.000000000000 0.000000000000 1.000000000000
0 6 66
0.720861293455 -0.133388958347 0.680122328253 -0.785456908905
0.223629998254 0.973584177118 -0.046081166940 0.069687615536
-0.656009618434 0.185313884684 0.731648921727 0.199974017894
0.000000000000 0.000000000000 0.000000000000 1.000000000000
0 7 66
0.694928275775 0.022513935256 0.718726522571 -0.742148133543
0.027283716229 0.997964467811 -0.057641303042 -0.026753970328
-0.718561264164 0.059666101824 0.692899463080 0.457334834656
0.000000000000 0.000000000000 0.000000000000 1.000000000000
0 8 66
0.753690504770 -0.116829323211 0.646762346042 -0.756916107406
0.164120522699 0.986353542367 -0.013082182113 -0.234169349249
-0.636407948605 0.116006890734 0.762579388821 1.022348757007
0.000000000000 0.000000000000 0.000000000000 1.000000000000
0 9 66
0.995422462662 -0.090034257266 -0.032061711541 -1.219204030869
-0.074956183017 -0.943580225796 0.322549109616 0.981325817891
-0.059293266532 -0.318669405505 -0.946009576346 5.502286709688
0.000000000000 0.000000000000 0.000000000000 1.000000000000
0 10 66
1.000000000000 0.000000000000 0.000000000000 0.000000000000
0.000000000000 1.000000000000 0.000000000000 0.000000000000
0.000000000000 0.000000000000 1.000000000000 0.000000000000
0.000000000000 0.000000000000 0.000000000000 1.000000000000
0 11 66
0.678870104109 0.732044996744 -0.056969329374 1.116053556646
0.734094211253 -0.678312990609 0.031578090116 1.250664407090
-0.015526453304 -0.063258276237 -0.997876405040 5.791461266609
0.000000000000 0.000000000000 0.000000000000 1.000000000000
0 12 66
1.000000000000 0.000000000000 0.000000000000 0.000000000000
0.000000000000 1.000000000000 0.000000000000 0.000000000000
0.000000000000 0.000000000000 1.000000000000 0.000000000000
0.000000000000 0.000000000000 0.000000000000 1.000000000000
0 13 66
0.078637699161 -0.861108685524 -0.502302641826 1.088299812971
0.610998484271 0.439765570364 -0.658245467391 3.123181145058
0.787716296955 -0.255143243763 0.560718254271 2.129505490720
0.000000000000 0.000000000000 0.000000000000 1.000000000000
0 14 66
-0.753543951154 0.262925923549 -0.602529229503 -0.203212523396
-0.656780850294 -0.261407103467 0.707322586197 -0.949255792492
0.028468023584 0.928728316023 0.369666453239 0.281197040377
0.000000000000 0.000000000000 0.000000000000 1.000000000000
0 15 66
-0.243250514978 -0.523174081279 0.816772959665 -3.451245384311
-0.298744659590 -0.760720891617 -0.576242443269 2.770350563566
0.922811364976 -0.384177830875 0.028750285822 2.888556640846
0.000000000000 0.000000000000 0.000000000000 1.000000000000
0 16 66
1.000000000000 0.000000000000 0.000000000000 0.000000000000
0.000000000000 1.000000000000 0.000000000000 0.000000000000
0.000000000000 0.000000000000 1.000000000000 0.000000000000
0.000000000000 0.000000000000 0.000000000000 1.000000000000
0 17 66
1.000000000000 0.000000000000 0.000000000000 0.000000000000
0.000000000000 1.000000000000 0.000000000000 0.000000000000
0.000000000000 0.000000000000 1.000000000000 0.000000000000
0.000000000000 0.000000000000 0.000000000000 1.000000000000
0 18 66
0.794867293308 0.352308844127 -0.494028809260 3.134718720503
-0.301192574443 0.935877272879 0.182802525172 -0.837039422275
0.526753281081 0.003494060517 0.850011042523 0.516966398940
0.000000000000 0.000000000000 0.000000000000 1.000000000000
0 19 66
-0.361693262645 0.301913742375 -0.882057864271 0.447641508892
-0.282708961906 0.866045725511 0.412359605419 -1.069290629657
0.888399474682 0.398513354216 -0.227889183368 3.059526596615
0.000000000000 0.000000000000 0.000000000000 1.000000000000
0 20 66
-0.578746092774 0.345817907972 -0.738554625350 0.521485536604
-0.219706688555 0.806033623537 0.549580538896 -1.040522905706
0.785354653073 0.480332980603 -0.390510302862 2.906954023015
0.000000000000 0.000000000000 0.000000000000 1.000000000000
0 21 66
-0.387331326130 0.443316490357 -0.808359408416 1.043458445509
-0.198949389769 0.815952212604 0.542808554702 -0.931983573927
0.900218631283 0.371069368346 -0.227846307336 2.599530801041
0.000000000000 0.000000000000 0.000000000000 1.000000000000
0 22 66
-0.344651672016 0.325539664656 -0.880476661651 1.291615893396
-0.220724519907 0.883544415490 0.413073785381 -0.702013541673
0.912412138942 0.336709359230 -0.232660473907 2.059357693551
0.000000000000 0.000000000000 0.000000000000 1.000000000000
0 23 66
0.929657413562 0.063116655913 0.362978485801 -1.302235258209
0.062128962283 0.944249524668 -0.323315368039 0.313634864186
-0.363148847518 0.323124005470 0.873907198526 -0.505560796951
0.000000000000 0.000000000000 0.000000000000 1.000000000000
0 24 66
0.830697491568 -0.361499749241 0.423390610196 0.789894281791
0.281586033817 0.928876617959 0.240619064434 -0.315153060923
-0.480261369529 -0.080660770568 0.873408757129 -0.383838262328
0.000000000000 0.000000000000 0.000000000000 1.000000000000
0 25 66
0.437915212450 -0.171626239492 0.882482124818 -1.016100884054
0.193900972534 0.976536248639 0.093698281443 0.071396873521
-0.877856867351 0.130082239421 0.460918573537 0.217230276823
0.000000000000 0.000000000000 0.000000000000 1.000000000000
0 26 66
0.549612076698 -0.170787849128 0.817776299325 -2.797049595022
0.300193151928 0.953875046981 -0.002542888602 -0.491122695335
-0.779622111464 0.246888447152 0.575530588223 1.510620550672
0.000000000000 0.000000000000 0.000000000000 1.000000000000
0 27 66
0.315780239029 -0.555188584896 0.769446863559 -0.927703345334
0.264773561873 0.830287951024 0.490425202571 -1.128568126341
-0.911140933979 0.048862599043 0.409187786771 0.544454834567
0.000000000000 0.000000000000 0.000000000000 1.000000000000
0 28 66
1.000000000000 0.000000000000 0.000000000000 0.000000000000
0.000000000000 1.000000000000 0.000000000000 0.000000000000
0.000000000000 0.000000000000 1.000000000000 0.000000000000
0.000000000000 0.000000000000 0.000000000000 1.000000000000
0 29 66
0.934328257976 -0.342405511496 0.098940244818 1.030505259867
0.246478251047 0.821258307495 0.514570951504 -0.517178621629
-0.257447427853 -0.456391562223 0.851720355413 0.997063025803
0.000000000000 0.000000000000 0.000000000000 1.000000000000
0 30 66
-0.517878164841 -0.614492574133 0.595147950274 -1.547152897408
-0.326008322669 -0.501440652802 -0.801421141016 2.441590616889
0.790898716607 -0.609061694783 0.059355471664 2.351512781341
0.000000000000 0.000000000000 0.000000000000 1.000000000000
0 31 66
-0.371328375896 -0.406514419116 0.834782165781 -1.727624672705
0.446839023844 0.709867254493 0.544447764041 -1.084370020301
-0.813910390660 0.575182152061 -0.081947348496 3.476102607125
0.000000000000 0.000000000000 0.000000000000 1.000000000000
0 32 66
0.255774811823 -0.486128258316 0.835618670270 -1.424951787263
0.421945076342 0.833830292759 0.355934538123 -0.088744986156
-0.869793997558 0.261546094110 0.418392211290 0.884367883394
0.000000000000 0.000000000000 0.000000000000 1.000000000000
0 33 66
-0.112434944735 0.537712226332 -0.835597956469 0.745772374589
-0.432271173923 0.730718425834 0.528386425206 -0.040899102986
0.894706664442 0.420614008087 0.150279209484 0.455134305193
0.000000000000 0.000000000000 0.000000000000 1.000000000000
0 34 66
0.615447467273 0.412023828372 -0.671908312109 0.753472333243
-0.292263566530 0.911008506428 0.290939012329 -0.185453589132
0.731987993554 0.017316641410 0.681097431520 0.554219335193
0.000000000000 0.000000000000 0.000000000000 1.000000000000
0 35 66
0.876905070185 0.264142221472 -0.401579860948 0.990420875891
-0.193908907669 0.958871745135 0.207278344041 -0.213403806021
0.439814544337 -0.103893518650 0.892059024601 0.563187213748
0.000000000000 0.000000000000 0.000000000000 1.000000000000
0 36 66
0.982457546794 0.112638638179 -0.148626060756 0.975364391318
-0.091448590042 0.985571116949 0.142431488144 -0.193700461019
0.162524841566 -0.126341246729 0.978582426395 0.438063058376
0.000000000000 0.000000000000 0.000000000000 1.000000000000
0 37 66
0.987092924969 0.143968128944 -0.070147953109 1.077336775163
-0.131003929529 0.977823011803 0.163401738169 -0.185658462500
0.092116925291 -0.152103042168 0.984062567441 0.420412578964
0.000000000000 0.000000000000 0.000000000000 1.000000000000
0 38 66
0.991491812434 0.016648893108 0.129099962182 0.857618742749
-0.033284767070 0.991241763251 0.127796287378 -0.133108820959
-0.125841607421 -0.131006034765 0.983362246935 0.398783585780
0.000000000000 0.000000000000 0.000000000000 1.000000000000
0 39 66
0.552349568021 0.408988916183 -0.726386963778 1.642733713782
-0.239021944475 0.912487075325 0.332017842026 -0.372252259624
0.798610333496 -0.009767487094 0.601769167895 0.801675300822
0.000000000000 0.000000000000 0.000000000000 1.000000000000
0 40 66
0.993724598037 -0.045341343985 0.102252558803 -0.302905072722
0.035568946783 0.994798763116 0.095447739249 -0.130157100669
-0.106048447800 -0.091211750497 0.990168744856 0.608345013080
0.000000000000 0.000000000000 0.000000000000 1.000000000000
0 41 66
0.988073767636 0.013848290723 0.153357277473 0.447509854519
-0.034230044442 0.990781440648 0.131074180997 -0.114332066810
-0.150128390944 -0.134760386281 0.979439178572 0.182922512549
0.000000000000 0.000000000000 0.000000000000 1.000000000000
0 42 66
0.999793710881 -0.013856216451 -0.014850621127 0.827894100470
0.009214695044 0.961024499658 -0.276309609771 -0.063347969428
0.018100416499 0.276115766160 0.960953931570 0.133183871458
0.000000000000 0.000000000000 0.000000000000 1.000000000000
0 43 66
0.841005212020 -0.149804009632 0.519874015559 -0.667166389749
0.191847906704 0.981034680760 -0.027664703866 -0.115946213475
-0.505870155325 0.123002901775 0.853794865355 0.722438077970
0.000000000000 0.000000000000 0.000000000000 1.000000000000
0 44 66
0.700859717353 0.190173081066 -0.687480803972 2.272421607499
-0.153483930450 0.981434589983 0.115016645224 -0.281176379322
0.696590510763 0.024906722440 0.717036481284 0.384719136895
0.000000000000 0.000000000000 0.000000000000 1.000000000000
0 45 66
0.818274711761 -0.068742964616 0.570702112234 0.230856377293
0.278829520843 0.915668500186 -0.289491443870 0.020783960072
-0.502673447080 0.396012124288 0.768435945943 0.036087911073
0.000000000000 0.000000000000 0.000000000000 1.000000000000
0 46 66
0.825943389289 -0.122104828252 0.550370719250 0.118042519129
0.180318085364 0.982195828559 -0.052694804801 -0.063899120507
-0.534137534518 0.142764720011 0.833255860429 0.245480516419
0.000000000000 0.000000000000 0.000000000000 1.000000000000
0 47 66
0.738265312576 -0.340202300723 0.582431732334 -0.255366835141
0.225095819269 0.938249495295 0.262716114327 -0.002069523905
-0.635842905437 -0.062851246304 0.769255172516 0.380392321815
0.000000000000 0.000000000000 0.000000000000 1.000000000000
0 48 66
0.680154428320 -0.426416139767 0.596287874590 -0.640073627994
0.206500456555 0.891921742948 0.402284931236 0.082050605328
-0.703382907867 -0.150482159086 0.694699650725 0.304407756390
0.000000000000 0.000000000000 0.000000000000 1.000000000000
0 49 66
0.710990200068 -0.343853205852 0.613398653595 -0.667329473512
0.213860653550 0.936707583320 0.277204841615 -0.049302569074
-0.669892943888 -0.065908088855 0.739526583399 0.594332248708
0.000000000000 0.000000000000 0.000000000000 1.000000000000
0 50 66
0.713443122612 -0.106006294284 0.692648234222 -0.679919809639
0.135104542098 0.990752888747 0.012469007307 -0.372542653269
-0.687565032199 0.084683995011 0.721167766533 1.039612567613
0.000000000000 0.000000000000 0.000000000000 1.000000000000
0 51 66
0.792771163333 -0.077955821447 0.604513666091 -0.742961018602
0.147505676429 0.986844469464 -0.066182086010 -0.349192083928
-0.591401689217 0.141636446545 0.793840764260 1.350054616617
0.000000000000 0.000000000000 0.000000000000 1.000000000000
0 52 66
0.664831114170 -0.094361156476 0.741009825698 -3.362974961226
0.331575653556 0.926186044923 -0.179546640624 0.566403334007
-0.669370731061 0.365069010379 0.647045162303 0.659259377376
0.000000000000 0.000000000000 0.000000000000 1.000000000000
0 53 66
0.967418560535 -0.167565810958 0.189797333309 -2.023839214760
-0.173071070397 -0.984827569050 0.012691092598 1.701647715812
0.184791053151 -0.045126026167 -0.981741263489 4.702477911647
0.000000000000 0.000000000000 0.000000000000 1.000000000000
0 54 66
1.000000000000 0.000000000000 0.000000000000 0.000000000000
0.000000000000 1.000000000000 0.000000000000 0.000000000000
0.000000000000 0.000000000000 1.000000000000 0.000000000000
0.000000000000 0.000000000000 0.000000000000 1.000000000000
0 55 66
1.000000000000 0.000000000000 0.000000000000 0.000000000000
0.000000000000 1.000000000000 0.000000000000 0.000000000000
0.000000000000 0.000000000000 1.000000000000 0.000000000000
0.000000000000 0.000000000000 0.000000000000 1.000000000000
0 56 66
0.277396539475 -0.151761766373 0.948693589182 -2.977329597109
-0.941627806164 -0.239001673452 0.237097605949 0.266253715081
0.190757003926 -0.959086318511 -0.209201336273 2.339330216874
0.000000000000 0.000000000000 0.000000000000 1.000000000000
0 57 66
-0.967775786799 0.057742662527 0.245103674820 -2.040098970136
0.249637638259 0.347679488828 0.903769894726 -1.006028032274
-0.033031440338 0.935833723464 -0.350890532755 2.215712074650
0.000000000000 0.000000000000 0.000000000000 1.000000000000
0 58 66
0.198658468640 -0.688206935958 0.697786519027 -2.217838815989
0.912184462897 -0.130529561291 -0.388434729754 1.622903519741
0.358405243387 0.713675869655 0.601840871480 0.957519502960
0.000000000000 0.000000000000 0.000000000000 1.000000000000
0 59 66
1.000000000000 0.000000000000 0.000000000000 0.000000000000
0.000000000000 1.000000000000 0.000000000000 0.000000000000
0.000000000000 0.000000000000 1.000000000000 0.000000000000
0.000000000000 0.000000000000 0.000000000000 1.000000000000
0 60 66
-0.636383214366 -0.770908542825 -0.026766080636 -0.463357986699
0.739178585771 -0.619375576196 0.264554179611 0.664877585171
-0.220525333718 0.148572925564 0.963999306523 0.768428638716
0.000000000000 0.000000000000 0.000000000000 1.000000000000
0 61 66
-0.856369091176 0.224359583475 -0.465075001458 0.523670039521
0.214837791485 -0.664203686122 -0.716015493332 2.594926003978
-0.469549468138 -0.713089223481 0.520602589628 1.475441188304
0.000000000000 0.000000000000 0.000000000000 1.000000000000
0 62 66
0.993414988968 -0.071912874264 -0.089191917849 -0.721432177580
0.078388475025 0.994365744663 0.071358340951 -0.184947235620
0.083557804409 -0.077880063913 0.993454975813 1.088162195358
0.000000000000 0.000000000000 0.000000000000 1.000000000000
0 63 66
1.000000000000 0.000000000000 0.000000000000 0.000000000000
0.000000000000 1.000000000000 0.000000000000 0.000000000000
0.000000000000 0.000000000000 1.000000000000 0.000000000000
0.000000000000 0.000000000000 0.000000000000 1.000000000000
0 64 66
1.000000000000 0.000000000000 0.000000000000 0.000000000000
0.000000000000 1.000000000000 0.000000000000 0.000000000000
0.000000000000 0.000000000000 1.000000000000 0.000000000000
0.000000000000 0.000000000000 0.000000000000 1.000000000000
0 65 66
0.024501500259 -0.892750774825 -0.449884130121 2.712155693791
-0.997163765601 0.010209312892 -0.074566711758 0.158973402271
0.071162497547 0.450435149583 -0.889968580885 4.417927763735
0.000000000000 0.000000000000 0.000000000000 1.000000000000
1 2 66
0.946036665055 0.015918871868 0.323668376413 -0.132919343258
0.018869182294 0.994392137126 -0.104058789062 0.007602695504
-0.323509787072 0.104550787371 0.940431045069 -0.037003913644
0.000000000000 0.000000000000 0.000000000000 1.000000000000
1 3 66
0.706691949799 -0.140481811808 0.693434458792 -0.194789671881
0.221387443712 0.974779815083 -0.028140928783 0.099374044956
-0.671992624852 0.173404650044 0.719969957351 -0.038136467447
0.000000000000 0.000000000000 0.000000000000 1.000000000000
1 4 66
-0.611835366792 -0.229906643759 0.756835794012 -2.346730828494
0.405683428621 0.730186907897 0.549770893443 -1.719401383479
-0.679027569164 0.643405016060 -0.353484859117 3.433689550785
0.000000000000 0.000000000000 0.000000000000 1.000000000000
1 5 66
0.618440548311 -0.039645291628 0.784830898383 -0.249468189075
0.258850451440 0.953266528145 -0.155818388220 0.105205150139
-0.741975560240 0.299518241798 0.599800875988 -0.213721972877
0.000000000000 0.000000000000 0.000000000000 1.000000000000
1 6 66
0.847502038604 -0.106565311721 0.519984739103 -0.304044228026
0.183534685952 0.978046107078 -0.098695650780 0.127485646550
-0.498051517028 0.179080001028 0.848454500617 0.015024639807
0.000000000000 0.000000000000 0.000000000000 1.000000000000
1 7 66
0.819168382144 0.056706318422 0.570742985192 -0.327055755612
-0.009316610569 0.996284793505 -0.085614315376 -0.041303739799
-0.573477429776 0.064815150087 0.816653313136 0.305460112582
0.000000000000 0.000000000000 0.000000000000 1.000000000000
1 8 66
0.882045970094 -0.074065422929 0.465305512289 -0.418006552776
0.098703120891 0.994700894106 -0.028771951447 -0.262081803962
-0.460708802354 0.071305290057 0.884682403489 0.831256758508
0.000000000000 0.000000000000 0.000000000000 1.000000000000
1 9 66
0.852876438093 -0.128794457718 0.505978032139 -2.531219472706
0.169536716297 0.984899717184 -0.035069201847 -0.469742374867
-0.493820901920 0.115691550046 0.861833152109 0.254632793727
0.000000000000 0.000000000000 0.000000000000 1.000000000000
1 10 66
-0.303129686582 -0.732281302863 0.609816764767 -2.035426836379
-0.667086907625 0.620044300998 0.412965037838 -0.272618465706
-0.680519985591 -0.281618817337 -0.676449104466 4.903025597582
0.000000000000 0.000000000000 0.000000000000 1.000000000000
1 11 66
1.000000000000 0.000000000000 0.000000000000 0.000000000000
0.000000000000 1.000000000000 0.000000000000 0.000000000000
0.000000000000 0.000000000000 1.000000000000 0.000000000000
0.000000000000 0.000000000000 0.000000000000 1.000000000000
1 12 66
0.947367992416 0.026939862612 0.319011176527 -1.860551754931
-0.045451109075 -0.975042398296 0.217316631232 0.923079750924
0.316903902832 -0.220378232429 -0.922499512759 5.243100044628
0.000000000000 0.000000000000 0.000000000000 1.000000000000
1 13 66
1.000000000000 0.000000000000 0.000000000000 0.000000000000
0.000000000000 1.000000000000 0.000000000000 0.000000000000
0.000000000000 0.000000000000 1.000000000000 0.000000000000
0.000000000000 0.000000000000 0.000000000000 1.000000000000
1 14 66
1.000000000000 0.000000000000 0.000000000000 0.000000000000
0.000000000000 1.000000000000 0.000000000000 0.000000000000
0.000000000000 0.000000000000 1.000000000000 0.000000000000
0.000000000000 0.000000000000 0.000000000000 1.000000000000
1 15 66
0.965118574051 -0.153877753445 0.211820147804 -1.395170845006
0.125212988956 0.981809376688 0.142730708833 -0.280463557582
-0.229930088109 -0.111229424355 0.966829959062 0.050108165083
0.000000000000 0.000000000000 0.000000000000 1.000000000000
1 16 66
1.000000000000 0.000000000000 0.000000000000 0.000000000000
0.000000000000 1.000000000000 0.000000000000 0.000000000000
0.000000000000 0.000000000000 1.000000000000 0.000000000000
0.000000000000 0.000000000000 0.000000000000 1.000000000000
1 17 66
1.000000000000 0.000000000000 0.000000000000 0.000000000000
0.000000000000 1.000000000000 0.000000000000 0.000000000000
0.000000000000 0.000000000000 1.000000000000 0.000000000000
0.000000000000 0.000000000000 0.000000000000 1.000000000000
1 18 66
0.721522665628 0.263983606936 -0.640091945157 3.577016220151
0.233507338908 0.777533515953 0.583880085502 -1.402675988889
0.651827711640 -0.570748882468 0.499365945475 2.143548526809
0.000000000000 0.000000000000 0.000000000000 1.000000000000
1 19 66
-0.574723901960 0.380767436525 0.724367721394 -3.724064434254
0.818322362026 0.260482589460 0.512344934976 -0.174420634950
0.006399087718 0.887223184926 -0.461296078247 2.820507567001
0.000000000000 0.000000000000 0.000000000000 1.000000000000
1 20 66
-0.329866811648 -0.332460045028 0.883548643275 -1.080985368928
-0.942521804775 0.063144765778 -0.328124040688 0.247247252749
0.053296661208 -0.941001092993 -0.334180204215 3.325650651132
0.000000000000 0.000000000000 0.000000000000 1.000000000000
1 21 66
-0.566796367182 0.397207845960 -0.721780995356 0.965646813980
-0.250646902047 0.751430424666 0.610351085344 -1.026477717506
0.784804439745 0.526856948321 -0.326349118832 2.652924911790
0.000000000000 0.000000000000 0.000000000000 1.000000000000
1 22 66
-0.479769161183 0.276797704423 -0.832589084005 1.339754025598
-0.208958750434 0.885582351673 0.414825431985 -0.707446695344
0.852148926300 0.372997224159 -0.367035799582 2.195229957727
0.000000000000 0.000000000000 0.000000000000 1.000000000000
1 23 66
-0.342443621499 -0.673466684955 -0.655114486445 3.924442412723
0.580283231766 0.396779573263 -0.711222427354 1.730935913662
0.738920656786 -0.623705535086 0.254926790427 1.993577197335
0.000000000000 0.000000000000 0.000000000000 1.000000000000
1 24 66
1.000000000000 0.000000000000 0.000000000000 0.000000000000
0.000000000000 1.000000000000 0.000000000000 0.000000000000
0.000000000000 0.000000000000 1.000000000000 0.000000000000
0.000000000000 0.000000000000 0.000000000000 1.000000000000
1 25 66
0.974705342142 -0.088894840722 0.205054147221 1.028954938366
0.087982710432 0.996029428810 0.013580118188 -0.172204348271
-0.205447167575 0.004804605913 0.978656414222 0.253781750420
0.000000000000 0.000000000000 0.000000000000 1.000000000000
1 26 66
0.924136886470 -0.160788655336 0.346580471725 1.108193267762
0.254045644009 0.936144336417 -0.243093792918 0.070695508746
-0.285362621634 0.312699200048 0.905973169837 -0.049274425090
0.000000000000 0.000000000000 0.000000000000 1.000000000000
1 27 66
0.950674789417 0.081233923323 0.299363482190 1.144443141188
0.003700625570 0.962060185497 -0.272812215364 -0.197060118481
-0.310167293792 0.260463527548 0.914305747920 0.864454232641
0.000000000000 0.000000000000 0.000000000000 1.000000000000
1 28 66
1.000000000000 0.000000000000 0.000000000000 0.000000000000
0.000000000000 1.000000000000 0.000000000000 0.000000000000
0.000000000000 0.000000000000 1.000000000000 0.000000000000
0.000000000000 0.000000000000 0.000000000000 1.000000000000
1 29 66
0.912803402187 -0.178771152465 0.367193169874 0.665147527772
0.106580200714 0.972221851453 0.208387457329 -0.274678451163
-0.394246889362 -0.151081258277 0.906500878999 0.831343004052
0.000000000000 0.000000000000 0.000000000000 1.000000000000
1 30 66
0.993678289872 -0.076267877654 0.082381230119 0.512048751240
0.045285170523 0.943764582710 0.327502161447 -0.310201147287
-0.102726382047 -0.321701139662 0.941252180434 0.716450540619
0.000000000000 0.000000000000 0.000000000000 1.000000000000
1 31 66
0.960301482627 -0.198335450811 0.196173676663 0.897817007151
0.127664328379 0.937711695943 0.323107713543 -0.416536105984
-0.248038065069 -0.285236435687 0.925806294013 0.881241776737
0.000000000000 0.000000000000 0.000000000000 1.000000000000
1 32 66
0.132601905469 -0.501118332361 0.855159138195 -3.122789012441
-0.386929793812 -0.820492310292 -0.420806016370 2.088198278180
0.912525106135 -0.275086869415 -0.302696456782 2.841841295936
0.000000000000 0.000000000000 0.000000000000 1.000000000000
1 33 66
0.465371248785 -0.319748460458 0.825342669949 -1.029326127774
0.193266667450 0.946676782104 0.257781041737 -0.752368792389
-0.863757834151 0.039547342020 0.502352875658 2.592129024943
0.000000000000 0.000000000000 0.000000000000 1.000000000000
1 34 66
0.456546144361 0.452439216828 -0.766070736385 1.100898238891
-0.306992078194 0.888271798748 0.341656370458 -0.281995110890
0.835057771651 0.079195748778 0.544432320294 0.663189096158
0.000000000000 0.000000000000 0.000000000000 1.000000000000
1 35 66
0.761741981424 0.336636187549 -0.553556890454 1.346572773098
-0.252084834508 0.941085292604 0.225414525387 -0.297607335606
0.596826934670 -0.032164410089 0.801725053105 0.732499100082
0.000000000000 0.000000000000 0.000000000000 1.000000000000
1 36 66
0.929716648926 0.177968155912 -0.322419428991 1.349469332610
-0.134466604130 0.979083666702 0.152688918953 -0.277540173665
0.342849362087 -0.098602784335 0.934201159193 0.609500459490
0.000000000000 0.000000000000 0.000000000000 1.000000000000
1 37 66
0.947300613410 0.211030573886 -0.241013785329 1.422212636907
-0.177264053386 0.971986880545 0.154333921822 -0.249192639270
0.266831413462 -0.103477538302 0.958171903083 0.587365482401
0.000000000000 0.000000000000 0.000000000000 1.000000000000
1 38 66
0.992373085493 0.108083044790 -0.059276594179 1.252487637040
-0.098959050353 0.985232488017 0.139728489971 -0.254479885844
0.073503507004 -0.132796837256 0.988413999533 0.546933163065
0.000000000000 0.000000000000 0.000000000000 1.000000000000
1 39 66
0.388483833450 0.460905552479 -0.797901236270 1.891167057424
-0.252820390664 0.885998524817 0.388700995736 -0.525077723738
0.886093765475 0.050721649375 0.460722425189 1.046601442758
0.000000000000 0.000000000000 0.000000000000 1.000000000000
1 40 66
0.999619109183 -0.019204499906 -0.019819781525 -1.489490646383
0.020124905212 0.998676338901 0.047334536114 -0.132248938619
0.018884510757 -0.047715378048 0.998682440995 0.962516148314
0.000000000000 0.000000000000 0.000000000000 1.000000000000
1 41 66
0.998550615033 0.052024452900 -0.013788600993 1.115584201817
-0.051074836470 0.996766152685 0.062037069094 -0.073765715755
0.016971455342 -0.061242902958 0.997978595232 0.319739492489
0.000000000000 0.000000000000 0.000000000000 1.000000000000
1 42 66
0.991480815940 -0.015459315937 -0.129332135120 1.157577314280
-0.022383587567 0.957938189596 -0.286100331915 -0.109135176834
0.128315106794 0.286557907699 0.949431302888 0.188216753010
0.000000000000 0.000000000000 0.000000000000 1.000000000000
1 43 66
0.944529662889 -0.120171082727 0.305651152130 -0.198024134363
0.140420803122 0.989065742267 -0.045066123921 -0.144628792566
-0.296893438750 0.085486071092 0.951076452067 0.517252565679
0.000000000000 0.000000000000 0.000000000000 1.000000000000
1 44 66
0.716154903760 0.204067458391 -0.667441852333 3.368954498853
-0.187979977225 0.977358955882 0.097123630078 -0.477335615043
0.672150044248 0.055910140249 0.738301005169 0.609109958011
0.000000000000 0.000000000000 0.000000000000 1.000000000000
1 45 66
0.910592764016 -0.114655730379 0.397082965656 0.726882106263
0.243239069611 0.925415214172 -0.290588087149 -0.089350662828
-0.334149028335 0.361193500592 0.870565150918 0.068427139803
0.000000000000 0.000000000000 0.000000000000 1.000000000000
1 46 66
0.924448238640 -0.079437713107 0.372941153284 0.555170423097
0.116938464897 0.989992446049 -0.078995899854 -0.122754773795
-0.362933670942 0.116638786442 0.924486097242 0.245464076813
0.000000000000 0.000000000000 0.000000000000 1.000000000000
1 47 66
0.859036671120 -0.261291216046 0.440207789673 0.153080260010
0.176314273259 0.958329135810 0.224763307734 -0.012373337670
-0.480592628655 -0.115465007147 0.869309241529 0.307324653258
0.000000000000 0.000000000000 0.000000000000 1.000000000000
1 48 66
0.810721919193 -0.339833901556 0.476699999048 -0.189911796874
0.161440769058 0.912475863274 0.375931745172 0.073981149375
-0.562731594835 -0.227817291475 0.794627229511 0.155276289875
0.000000000000 0.000000000000 0.000000000000 1.000000000000
1 49 66
0.842602898677 -0.285737725845 0.456480346970 -0.266804653325
0.190196771404 0.950903316414 0.244147641768 -0.039019287935
-0.503830867741 -0.118898422455 0.855580283696 0.415248591589
0.000000000000 0.000000000000 0.000000000000 1.000000000000
1 50 66
0.822741068750 -0.057890555014 0.565460712545 -0.451592128349
0.126419131762 0.988520553199 -0.082736443170 -0.258079940032
-0.554179877762 0.139555722004 0.820614930122 0.876925359104
0.000000000000 0.000000000000 0.000000000000 1.000000000000
1 51 66
0.895709776941 -0.035656278434 0.443207203574 -0.526024929690
0.059958001821 0.997361191633 -0.040935210307 -0.418767258998
-0.440578067440 0.063239886412 0.895484049694 1.196248531882
0.000000000000 0.000000000000 0.000000000000 1.000000000000
1 52 66
0.313977194401 0.341210345197 -0.885998770725 3.492003551904
-0.269273596865 0.926873793391 0.261527629815 -0.559067150767
0.910444974409 0.156462364343 0.382896170152 0.470132930293
0.000000000000 0.000000000000 0.000000000000 1.000000000000
1 53 66
1.000000000000 0.000000000000 0.000000000000 0.000000000000
0.000000000000 1.000000000000 0.000000000000 0.000000000000
0.000000000000 0.000000000000 1.000000000000 0.000000000000
0.000000000000 0.000000000000 0.000000000000 1.000000000000
1 54 66
1.000000000000 0.000000000000 0.000000000000 0.000000000000
0.000000000000 1.000000000000 0.000000000000 0.000000000000
0.000000000000 0.000000000000 1.000000000000 0.000000000000
0.000000000000 0.000000000000 0.000000000000 1.000000000000
1 55 66
0.905424353855 -0.272075535009 -0.325855248071 1.754931387795
-0.290604117944 0.162289342016 -0.942980071954 3.414089553746
0.309444641381 0.948491999290 0.067874451767 1.799595571078
0.000000000000 0.000000000000 0.000000000000 1.000000000000
1 56 66
0.992712897521 -0.044823326137 0.111856928840 -1.288369621808
0.030935708854 0.991932121686 0.122937577186 0.168877670038
-0.116464951866 -0.118581345078 0.986090452031 -0.414287815225
0.000000000000 0.000000000000 0.000000000000 1.000000000000
1 57 66
0.802772233321 -0.539775787286 0.253374901813 0.431308203488
0.462998539979 0.296490449320 -0.835299805722 2.507204211767
0.375751371769 0.787867700139 0.487929701588 1.227788032424
0.000000000000 0.000000000000 0.000000000000 1.000000000000
1 58 66
-0.940399505785 -0.062561293922 0.334267638311 -1.797078302728
0.219152663166 0.640125131149 0.736350410266 -1.386275379830
-0.260040150259 0.765719205045 -0.588262882799 3.957745576142
0.000000000000 0.000000000000 0.000000000000 1.000000000000
1 59 66
1.000000000000 0.000000000000 0.000000000000 0.000000000000
0.000000000000 1.000000000000 0.000000000000 0.000000000000
0.000000000000 0.000000000000 1.000000000000 0.000000000000
0.000000000000 0.000000000000 0.000000000000 1.000000000000
1 60 66
0.502122432180 0.694525969744 -0.515273461817 -0.580160810148
0.375752360111 -0.711864949464 -0.593345142051 2.144416513287
-0.778898727032 0.104316686468 -0.618413132099 3.600504725496
0.000000000000 0.000000000000 0.000000000000 1.000000000000
1 61 66
0.966330063058 0.227890835379 -0.119465377329 2.251762677252
-0.198547202878 0.955734404422 0.217142249306 -0.798526488626
0.163661899841 -0.186111566955 0.968801975218 1.296269541829
0.000000000000 0.000000000000 0.000000000000 1.000000000000
1 62 66
0.741907599982 0.356271275799 -0.568017509527 2.905101544627
-0.255220283969 0.933434684875 0.252115639584 -0.896908980513
0.620028805573 -0.042076919001 0.783449942975 1.505749038278
0.000000000000 0.000000000000 0.000000000000 1.000000000000
1 63 66
0.909613572892 0.339934752664 -0.238846209811 2.156500819928
-0.339759340906 0.939518380260 0.043229659036 -0.282546180712
0.239095667626 0.041827946212 0.970094678183 0.405097216849
0.000000000000 0.000000000000 0.000000000000 1.000000000000
1 64 66
0.224633233719 0.624352649504 -0.748146830085 2.128213383497
-0.312215468501 0.773407739934 0.551690102357 -0.852213000955
0.923071726107 0.109655081359 0.368665636579 1.296351473908
0.000000000000 0.000000000000 0.000000000000 1.000000000000
1 65 66
-0.913414973659 0.094111916795 -0.396000041682 1.416444661513
0.155304589215 -0.818714812442 -0.552798824580 2.642250566641
-0.376236056836 -0.566435347595 0.733210356263 0.566619217567
0.000000000000 0.000000000000 0.000000000000 1.000000000000
2 3 66
0.871841646885 -0.202237411286 0.446085386707 -0.122444347456
0.184433305978 0.979290781040 0.083510010280 0.046851054137
-0.453736155054 0.009465497725 0.891085801677 -0.017559220132
0.000000000000 0.000000000000 0.000000000000 1.000000000000
2 4 66
0.284572097605 -0.241596213722 0.927712234898 -1.485871450765
0.286845604759 0.944845840254 0.158069406228 -0.165229806628
-0.914734016146 0.221128034564 0.338177574707 1.006468939382
0.000000000000 0.000000000000 0.000000000000 1.000000000000
2 5 66
0.822096626517 -0.068217853082 0.565246372116 -0.141307173422
0.143913618055 0.985454646022 -0.090377050029 0.041940900631
-0.550859335227 0.155645318447 0.819956418133 -0.188363038777
0.000000000000 0.000000000000 0.000000000000 1.000000000000
2 6 66
0.964373366922 -0.147019487689 0.219930169396 -0.193606284064
0.146926143663 0.989003524680 0.016874136362 0.072169852198
-0.219992539600 0.016040523967 0.975369665363 -0.011325227900
0.000000000000 0.000000000000 0.000000000000 1.000000000000
2 7 66
0.966464981636 0.065547144106 0.248292189107 -0.247492981998
-0.067144035866 0.997741205613 -0.002040850324 0.004600642595
-0.247865120014 -0.014698929280 0.968683035754 0.257714078506
0.000000000000 0.000000000000 0.000000000000 1.000000000000
2 8 66
0.986338466100 -0.081527969056 0.143141959441 -0.537896269307
0.075977601955 0.996145681233 0.043831333096 -0.137814355124
-0.146163724269 -0.032356947036 0.988731102821 0.758030319562
0.000000000000 0.000000000000 0.000000000000 1.000000000000
2 9 66
-0.775728764158 0.528225656999 0.345286170800 -0.781710919733
-0.001837686031 0.545253933482 -0.838268913256 2.908119006875
-0.631063790253 -0.650903835685 -0.421998447062 5.375006536630
0.000000000000 0.000000000000 0.000000000000 1.000000000000
2 10 66
1.000000000000 0.000000000000 0.000000000000 0.000000000000
0.000000000000 1.000000000000 0.000000000000 0.000000000000
0.000000000000 0.000000000000 1.000000000000 0.000000000000
0.000000000000 0.000000000000 0.000000000000 1.000000000000
2 11 66
1.000000000000 0.000000000000 0.000000000000 0.000000000000
0.000000000000 1.000000000000 0.000000000000 0.000000000000
0.000000000000 0.000000000000 1.000000000000 0.000000000000
0.000000000000 0.000000000000 0.000000000000 1.000000000000
2 12 66
-0.955455969681 0.107826970330 -0.274731204033 1.795491990038
-0.104977042404 -0.994157809579 -0.025101199613 1.647368225635
-0.275832758330 0.004857378239 0.961193370404 -0.201359118937
0.000000000000 0.000000000000 0.000000000000 1.000000000000
2 13 66
1.000000000000 0.000000000000 0.000000000000 0.000000000000
0.000000000000 1.000000000000 0.000000000000 0.000000000000
0.000000000000 0.000000000000 1.000000000000 0.000000000000
0.000000000000 0.000000000000 0.000000000000 1.000000000000
2 14 66
1.000000000000 0.000000000000 0.000000000000 0.000000000000
0.000000000000 1.000000000000 0.000000000000 0.000000000000
0.000000000000 0.000000000000 1.000000000000 0.000000000000
0.000000000000 0.000000000000 0.000000000000 1.000000000000
2 15 66
0.648416444677 -0.222840276284 0.727941155272 -0.748734903971
0.198055940915 0.972652111518 0.121333071449 0.091291491928
-0.735071396900 0.065498711628 0.674818464651 0.394384419504
0.000000000000 0.000000000000 0.000000000000 1.000000000000
2 16 66
0.853766985342 0.166734357176 -0.493235834949 2.063613481729
-0.177708269213 0.983766874563 0.024950101540 -0.497204079211
0.489389114912 0.066350513566 0.869537752806 -0.012049360541
0.000000000000 0.000000000000 0.000000000000 1.000000000000
2 17 66
0.576528396494 0.610561658965 0.542982015022 -1.983135806545
0.713364485751 -0.052099211016 -0.698853906536 3.639903678504
-0.398404465971 0.790253208037 -0.465589678452 2.668794447469
0.000000000000 0.000000000000 0.000000000000 1.000000000000
2 18 66
1.000000000000 0.000000000000 0.000000000000 0.000000000000
0.000000000000 1.000000000000 0.000000000000 0.000000000000
0.000000000000 0.000000000000 1.000000000000 0.000000000000
0.000000000000 0.000000000000 0.000000000000 1.000000000000
2 19 66
-0.212854621742 0.262113964062 -0.941269982442 2.787469493291
-0.267029046087 0.911067522123 0.314088297582 -0.740232946849
0.939887439297 0.318201571297 -0.123932891013 2.887825293155
0.000000000000 0.000000000000 0.000000000000 1.000000000000
2 20 66
-0.601473117234 -0.213384554293 0.769868249270 -1.757701503111
-0.282382140974 -0.844675389092 -0.454734882674 1.487014126269
0.747322163263 -0.490907851894 0.447793552036 2.253355799999
0.000000000000 0.000000000000 0.000000000000 1.000000000000
2 21 66
-0.019581876731 -0.444458191518 0.895585543707 -1.864565919316
0.414189518036 0.811671338634 0.411869738132 -0.600036994071
-0.909979996073 0.379007327150 0.168195876033 2.064373036815
0.000000000000 0.000000000000 0.000000000000 1.000000000000
2 22 66
-0.536326979104 -0.155349417498 0.829590218101 -1.478565583254
-0.257123776031 -0.906119172267 -0.335909823391 1.551667183106
0.803890997141 -0.393464870267 0.446032129539 1.420030513683
0.000000000000 0.000000000000 0.000000000000 1.000000000000
2 23 66
0.574715404434 -0.065146892037 -0.815756143933 2.151012461923
-0.038006347008 0.993625880520 -0.106127881107 -0.166058849119
0.817470318417 0.091997239192 0.568576104394 0.112000025933
0.000000000000 0.000000000000 0.000000000000 1.000000000000
2 24 66
-0.998132483576 0.060945927270 -0.004139949158 1.307141882457
-0.046585204778 -0.803276514452 -0.593781660230 3.095114664620
-0.039514097809 -0.592479902848 0.804615560871 0.765848019456
0.000000000000 0.000000000000 0.000000000000 1.000000000000
2 25 66
1.000000000000 0.000000000000 0.000000000000 0.000000000000
0.000000000000 1.000000000000 0.000000000000 0.000000000000
0.000000000000 0.000000000000 1.000000000000 0.000000000000
0.000000000000 0.000000000000 0.000000000000 1.000000000000
2 26 66
0.765226324847 -0.161639132256 0.623138397697 -0.432829450328
0.259836777421 0.963166723236 -0.069243861466 -0.072944458502
-0.588993650951 0.214901498773 0.779040323067 0.486329539271
0.000000000000 0.000000000000 0.000000000000 1.000000000000
2 27 66
0.703663811044 -0.295631306551 0.646110959212 -0.656237439960
0.251166624880 0.954117029543 0.163021533801 -0.138724622070
-0.664659738192 0.047569155167 0.745630342665 0.889429139189
0.000000000000 0.000000000000 0.000000000000 1.000000000000
2 28 66
0.480345614286 -0.291525938244 0.827212619685 -1.559781172050
0.084756476157 0.954159194414 0.287048029891 -0.045929385498
-0.872974473044 -0.067770635571 0.483034895601 1.907062167499
0.000000000000 0.000000000000 0.000000000000 1.000000000000
2 29 66
0.996614923671 -0.046929114441 0.067500756543 0.417309681263
0.022668127899 0.946099717592 0.323081228717 -0.213180752996
-0.079024362659 -0.320457458315 0.943960893002 1.134417351077
0.000000000000 0.000000000000 0.000000000000 1.000000000000
2 30 66
0.973683935519 0.042573879022 -0.223890729012 0.375936734809
0.045568507039 0.926190019448 0.374293413036 -0.118591372289
0.223300481143 -0.374645849704 0.899876315068 0.911785746394
0.000000000000 0.000000000000 0.000000000000 1.000000000000
2 31 66
1.000000000000 0.000000000000 0.000000000000 0.000000000000
0.000000000000 1.000000000000 0.000000000000 0.000000000000
0.000000000000 0.000000000000 1.000000000000 0.000000000000
0.000000000000 0.000000000000 0.000000000000 1.000000000000
2 32 66
0.189034283220 -0.296131584603 0.936254305393 -2.416202994503
0.482504110302 0.858418064623 0.174092532497 0.658854016924
-0.855251906347 0.418837093545 0.305155150310 1.799948449102
