0 1 57
0.829103441582 -0.314018053181 0.462579880057 -0.223546461519
0.220433938823 0.943949966456 0.245697658603 0.022491512685
-0.513805762688 -0.101740469355 0.851852402194 -0.037082610110
0.000000000000 0.000000000000 0.000000000000 1.000000000000
0 2 57
1.000000000000 0.000000000000 0.000000000000 0.000000000000
0.000000000000 1.000000000000 0.000000000000 0.000000000000
0.000000000000 0.000000000000 1.000000000000 0.000000000000
0.000000000000 0.000000000000 0.000000000000 1.000000000000
0 3 57
1.000000000000 0.000000000000 0.000000000000 0.000000000000
0.000000000000 1.000000000000 0.000000000000 0.000000000000
0.000000000000 0.000000000000 1.000000000000 0.000000000000
0.000000000000 0.000000000000 0.000000000000 1.000000000000
0 4 57
1.000000000000 0.000000000000 0.000000000000 0.000000000000
0.000000000000 1.000000000000 0.000000000000 0.000000000000
0.000000000000 0.000000000000 1.000000000000 0.000000000000
0.000000000000 0.000000000000 0.000000000000 1.000000000000
0 5 57
-0.151508618991 -0.761276320971 -0.630478787510 2.607498322140
-0.932237566235 -0.101992632584 0.347175205047 -1.289212089152
-0.328600454157 0.640356046295 -0.694237621784 2.741233906072
0.000000000000 0.000000000000 0.000000000000 1.000000000000
0 6 57
1.000000000000 0.000000000000 0.000000000000 0.000000000000
0.000000000000 1.000000000000 0.000000000000 0.000000000000
0.000000000000 0.000000000000 1.000000000000 0.000000000000
0.000000000000 0.000000000000 0.000000000000 1.000000000000
0 7 57
1.000000000000 0.000000000000 0.000000000000 0.000000000000
0.000000000000 1.000000000000 0.000000000000 0.000000000000
0.000000000000 0.000000000000 1.000000000000 0.000000000000
0.000000000000 0.000000000000 0.000000000000 1.000000000000
0 8 57
0.753962111294 0.040399288764 -0.655674486465 -0.194455442296
-0.169967368398 0.976116936665 -0.135302696334 0.084551290341
0.634548838478 0.213456373582 0.742821747234 -0.295860808314
0.000000000000 0.000000000000 0.000000000000 1.000000000000
0 9 57
0.904270269583 0.085531856777 -0.418305607212 -0.100913439642
-0.018645011555 0.986705081997 0.161447962840 -0.073214563489
0.426553212498 -0.138193280001 0.893842812954 0.064172692919
0.000000000000 0.000000000000 0.000000000000 1.000000000000
0 10 57
0.522640707557 0.240461474796 -0.817939465941 0.870996570020
-0.242955631946 0.961626827221 0.127461390522 -0.237375613168
0.817202087436 0.132106488513 0.561006794952 0.550243402097
0.000000000000 0.000000000000 0.000000000000 1.000000000000
0 11 57
1.000000000000 0.000000000000 0.000000000000 0.000000000000
0.000000000000 1.000000000000 0.000000000000 0.000000000000
0.000000000000 0.000000000000 1.000000000000 0.000000000000
0.000000000000 0.000000000000 0.000000000000 1.000000000000
0 12 57
1.000000000000 0.000000000000 0.000000000000 0.000000000000
0.000000000000 1.000000000000 0.000000000000 0.000000000000
0.000000000000 0.000000000000 1.000000000000 0.000000000000
0.000000000000 0.000000000000 0.000000000000 1.000000000000
0 13 57
1.000000000000 0.000000000000 0.000000000000 0.000000000000
0.000000000000 1.000000000000 0.000000000000 0.000000000000
0.000000000000 0.000000000000 1.000000000000 0.000000000000
0.000000000000 0.000000000000 0.000000000000 1.000000000000
0 14 57
0.950333264965 0.080815098927 -0.300558821673 0.738101633007
-0.058689945852 0.994907492122 0.081942494316 -0.100183070662
0.305650414291 -0.060232897193 0.950236719107 0.128643291266
0.000000000000 0.000000000000 0.000000000000 1.000000000000
0 15 57
0.504188894946 -0.473541179832 0.722185785804 0.164307010670
0.408876177860 0.867483472104 0.283359659804 -0.053777650622
-0.760666700594 0.152417770055 0.630995240853 0.352222230497
0.000000000000 0.000000000000 0.000000000000 1.000000000000
0 16 57
1.000000000000 0.000000000000 0.000000000000 0.000000000000
0.000000000000 1.000000000000 0.000000000000 0.000000000000
0.000000000000 0.000000000000 1.000000000000 0.000000000000
0.000000000000 0.000000000000 0.000000000000 1.000000000000
0 17 57
1.000000000000 0.000000000000 0.000000000000 0.000000000000
0.000000000000 1.000000000000 0.000000000000 0.000000000000
0.000000000000 0.000000000000 1.000000000000 0.000000000000
0.000000000000 0.000000000000 0.000000000000 1.000000000000
0 18 57
1.000000000000 0.000000000000 0.000000000000 0.000000000000
0.000000000000 1.000000000000 0.000000000000 0.000000000000
0.000000000000 0.000000000000 1.000000000000 0.000000000000
0.000000000000 0.000000000000 0.000000000000 1.000000000000
0 19 57
0.550201336186 -0.796508653376 -0.250703918511 0.545674924244
0.575303210000 0.579187182394 -0.577553828067 0.370223060048
0.605231118023 0.173540118843 0.776903546735 0.158932793126
0.000000000000 0.000000000000 0.000000000000 1.000000000000
0 20 57
1.000000000000 0.000000000000 0.000000000000 0.000000000000
0.000000000000 1.000000000000 0.000000000000 0.000000000000
0.000000000000 0.000000000000 1.000000000000 0.000000000000
0.000000000000 0.000000000000 0.000000000000 1.000000000000
0 21 57
1.000000000000 0.000000000000 0.000000000000 0.000000000000
0.000000000000 1.000000000000 0.000000000000 0.000000000000
0.000000000000 0.000000000000 1.000000000000 0.000000000000
0.000000000000 0.000000000000 0.000000000000 1.000000000000
0 22 57
1.000000000000 0.000000000000 0.000000000000 0.000000000000
0.000000000000 1.000000000000 0.000000000000 0.000000000000
0.000000000000 0.000000000000 1.000000000000 0.000000000000
0.000000000000 0.000000000000 0.000000000000 1.000000000000
0 23 57
-0.391443686185 -0.355283028275 0.848849698337 -1.267611243437
0.387169709176 0.773248202112 0.502182072785 -0.465163014792
-0.834788270667 0.525224892546 -0.165128299838 1.602852249239
0.000000000000 0.000000000000 0.000000000000 1.000000000000
0 24 57
0.495013762184 -0.361014304929 0.790335401513 -1.334066796293
0.297590503786 0.925026413505 0.236148314356 -0.321308847889
-0.816334041495 0.118299644773 0.565335233947 1.099154997702
0.000000000000 0.000000000000 0.000000000000 1.000000000000
0 25 57
0.600407399606 -0.383539905239 0.701717960143 -1.269004595650
0.337210021671 0.917080719963 0.212726007709 -0.065548761847
-0.725120924938 0.108904059430 0.679955550060 0.392183206632
0.000000000000 0.000000000000 0.000000000000 1.000000000000
0 26 57
0.858398400459 -0.292815827309 0.421201943687 -1.826376752323
0.249739528031 0.955751094833 0.155467079684 0.109816829651
-0.448087440382 -0.028261917903 0.893542897554 -0.107912367342
0.000000000000 0.000000000000 0.000000000000 1.000000000000
0 27 57
-0.985258759479 0.022878010299 0.169533989263 0.055322648804
0.087789757652 -0.782954446378 0.615853305056 -2.243414679926
0.146826888961 0.621658211191 0.769404271587 0.383142158181
0.000000000000 0.000000000000 0.000000000000 1.000000000000
0 28 57
1.000000000000 0.000000000000 0.000000000000 0.000000000000
0.000000000000 1.000000000000 0.000000000000 0.000000000000
0.000000000000 0.000000000000 1.000000000000 0.000000000000
0.000000000000 0.000000000000 0.000000000000 1.000000000000
0 29 57
1.000000000000 0.000000000000 0.000000000000 0.000000000000
0.000000000000 1.000000000000 0.000000000000 0.000000000000
0.000000000000 0.000000000000 1.000000000000 0.000000000000
0.000000000000 0.000000000000 0.000000000000 1.000000000000
0 30 57
1.000000000000 0.000000000000 0.000000000000 0.000000000000
0.000000000000 1.000000000000 0.000000000000 0.000000000000
0.000000000000 0.000000000000 1.000000000000 0.000000000000
0.000000000000 0.000000000000 0.000000000000 1.000000000000
0 31 57
1.000000000000 0.000000000000 0.000000000000 0.000000000000
0.000000000000 1.000000000000 0.000000000000 0.000000000000
0.000000000000 0.000000000000 1.000000000000 0.000000000000
0.000000000000 0.000000000000 0.000000000000 1.000000000000
0 32 57
1.000000000000 0.000000000000 0.000000000000 0.000000000000
0.000000000000 1.000000000000 0.000000000000 0.000000000000
0.000000000000 0.000000000000 1.000000000000 0.000000000000
0.000000000000 0.000000000000 0.000000000000 1.000000000000
0 33 57
1.000000000000 0.000000000000 0.000000000000 0.000000000000
0.000000000000 1.000000000000 0.000000000000 0.000000000000
0.000000000000 0.000000000000 1.000000000000 0.000000000000
0.000000000000 0.000000000000 0.000000000000 1.000000000000
0 34 57
1.000000000000 0.000000000000 0.000000000000 0.000000000000
0.000000000000 1.000000000000 0.000000000000 0.000000000000
0.000000000000 0.000000000000 1.000000000000 0.000000000000
0.000000000000 0.000000000000 0.000000000000 1.000000000000
0 35 57
0.235562785290 -0.739831677122 -0.630205731260 0.247202257092
-0.865558567496 -0.454590454686 0.210133016783 -0.110211851943
-0.441948572145 0.495980451262 -0.747452240310 3.266150508364
0.000000000000 0.000000000000 0.000000000000 1.000000000000
0 36 57
1.000000000000 0.000000000000 0.000000000000 0.000000000000
0.000000000000 1.000000000000 0.000000000000 0.000000000000
0.000000000000 0.000000000000 1.000000000000 0.000000000000
0.000000000000 0.000000000000 0.000000000000 1.000000000000
0 37 57
1.000000000000 0.000000000000 0.000000000000 0.000000000000
0.000000000000 1.000000000000 0.000000000000 0.000000000000
0.000000000000 0.000000000000 1.000000000000 0.000000000000
0.000000000000 0.000000000000 0.000000000000 1.000000000000
0 38 57
1.000000000000 0.000000000000 0.000000000000 0.000000000000
0.000000000000 1.000000000000 0.000000000000 0.000000000000
0.000000000000 0.000000000000 1.000000000000 0.000000000000
0.000000000000 0.000000000000 0.000000000000 1.000000000000
0 39 57
1.000000000000 0.000000000000 0.000000000000 0.000000000000
0.000000000000 1.000000000000 0.000000000000 0.000000000000
0.000000000000 0.000000000000 1.000000000000 0.000000000000
0.000000000000 0.000000000000 0.000000000000 1.000000000000
0 40 57
1.000000000000 0.000000000000 0.000000000000 0.000000000000
0.000000000000 1.000000000000 0.000000000000 0.000000000000
0.000000000000 0.000000000000 1.000000000000 0.000000000000
0.000000000000 0.000000000000 0.000000000000 1.000000000000
0 41 57
1.000000000000 0.000000000000 0.000000000000 0.000000000000
0.000000000000 1.000000000000 0.000000000000 0.000000000000
0.000000000000 0.000000000000 1.000000000000 0.000000000000
0.000000000000 0.000000000000 0.000000000000 1.000000000000
0 42 57
1.000000000000 0.000000000000 0.000000000000 0.000000000000
0.000000000000 1.000000000000 0.000000000000 0.000000000000
0.000000000000 0.000000000000 1.000000000000 0.000000000000
0.000000000000 0.000000000000 0.000000000000 1.000000000000
0 43 57
0.824285764156 0.099098746859 -0.557433778472 1.941916438338
-0.562758820597 0.251383854923 -0.787469788198 0.942934095283
0.062092582897 0.962800911848 0.262980826856 2.020344368377
0.000000000000 0.000000000000 0.000000000000 1.000000000000
0 44 57
1.000000000000 0.000000000000 0.000000000000 0.000000000000
0.000000000000 1.000000000000 0.000000000000 0.000000000000
0.000000000000 0.000000000000 1.000000000000 0.000000000000
0.000000000000 0.000000000000 0.000000000000 1.000000000000
0 45 57
1.000000000000 0.000000000000 0.000000000000 0.000000000000
0.000000000000 1.000000000000 0.000000000000 0.000000000000
0.000000000000 0.000000000000 1.000000000000 0.000000000000
0.000000000000 0.000000000000 0.000000000000 1.000000000000
0 46 57
1.000000000000 0.000000000000 0.000000000000 0.000000000000
0.000000000000 1.000000000000 0.000000000000 0.000000000000
0.000000000000 0.000000000000 1.000000000000 0.000000000000
0.000000000000 0.000000000000 0.000000000000 1.000000000000
0 47 57
-0.549471491399 0.649272762134 -0.525857357551 0.066222877007
-0.827437268874 -0.510157578898 0.234705796201 -0.221876766955
-0.115882035785 0.564078119628 0.817549526780 0.980476730225
0.000000000000 0.000000000000 0.000000000000 1.000000000000
0 48 57
0.194036099382 0.189779639942 -0.962462300768 2.059011747339
-0.218538599498 0.964816382066 0.146185599244 -0.851789881393
0.956342445292 0.181969879816 0.228683384122 1.976692342686
0.000000000000 0.000000000000 0.000000000000 1.000000000000
0 49 57
-0.624479533355 0.781025415770 0.004961082766 -0.832930038580
0.319301427107 0.249494675866 0.914220435870 -1.792939524918
0.712791632294 0.572496031983 -0.405186848621 3.504888595438
0.000000000000 0.000000000000 0.000000000000 1.000000000000
0 50 57
1.000000000000 0.000000000000 0.000000000000 0.000000000000
0.000000000000 1.000000000000 0.000000000000 0.000000000000
0.000000000000 0.000000000000 1.000000000000 0.000000000000
0.000000000000 0.000000000000 0.000000000000 1.000000000000
0 51 57
1.000000000000 0.000000000000 0.000000000000 0.000000000000
0.000000000000 1.000000000000 0.000000000000 0.000000000000
0.000000000000 0.000000000000 1.000000000000 0.000000000000
0.000000000000 0.000000000000 0.000000000000 1.000000000000
0 52 57
0.821512140263 -0.213584831472 0.528676955395 0.268367322040
-0.300584966453 -0.950116210577 0.083233793260 -1.049582162249
0.484527069773 -0.227289916546 -0.844732391053 3.937654518504
0.000000000000 0.000000000000 0.000000000000 1.000000000000
0 53 57
1.000000000000 0.000000000000 0.000000000000 0.000000000000
0.000000000000 1.000000000000 0.000000000000 0.000000000000
0.000000000000 0.000000000000 1.000000000000 0.000000000000
0.000000000000 0.000000000000 0.000000000000 1.000000000000
0 54 57
1.000000000000 0.000000000000 0.000000000000 0.000000000000
0.000000000000 1.000000000000 0.000000000000 0.000000000000
0.000000000000 0.000000000000 1.000000000000 0.000000000000
0.000000000000 0.000000000000 0.000000000000 1.000000000000
0 55 57
1.000000000000 0.000000000000 0.000000000000 0.000000000000
0.000000000000 1.000000000000 0.000000000000 0.000000000000
0.000000000000 0.000000000000 1.000000000000 0.000000000000
0.000000000000 0.000000000000 0.000000000000 1.000000000000
0 56 57
-0.057567999885 -0.314858852066 0.947391064273 -1.930630896357
-0.058129764969 -0.946297681729 -0.318027715741 1.258212375534
0.996647809316 -0.073379839403 0.036173793764 1.189012149416
0.000000000000 0.000000000000 0.000000000000 1.000000000000
1 2 57
0.709249632494 -0.061954351201 0.702229746717 -0.464144811975
0.435066020354 0.822267351817 -0.366870494956 -0.050865375909
-0.554691370711 0.565719064999 0.610147050109 -0.144944873731
0.000000000000 0.000000000000 0.000000000000 1.000000000000
1 3 57
1.000000000000 0.000000000000 0.000000000000 0.000000000000
0.000000000000 1.000000000000 0.000000000000 0.000000000000
0.000000000000 0.000000000000 1.000000000000 0.000000000000
0.000000000000 0.000000000000 0.000000000000 1.000000000000
1 4 57
1.000000000000 0.000000000000 0.000000000000 0.000000000000
0.000000000000 1.000000000000 0.000000000000 0.000000000000
0.000000000000 0.000000000000 1.000000000000 0.000000000000
0.000000000000 0.000000000000 0.000000000000 1.000000000000
1 5 57
1.000000000000 0.000000000000 0.000000000000 0.000000000000
0.000000000000 1.000000000000 0.000000000000 0.000000000000
0.000000000000 0.000000000000 1.000000000000 0.000000000000
0.000000000000 0.000000000000 0.000000000000 1.000000000000
1 6 57
1.000000000000 0.000000000000 0.000000000000 0.000000000000
0.000000000000 1.000000000000 0.000000000000 0.000000000000
0.000000000000 0.000000000000 1.000000000000 0.000000000000
0.000000000000 0.000000000000 0.000000000000 1.000000000000
1 7 57
1.000000000000 0.000000000000 0.000000000000 0.000000000000
0.000000000000 1.000000000000 0.000000000000 0.000000000000
0.000000000000 0.000000000000 1.000000000000 0.000000000000
0.000000000000 0.000000000000 0.000000000000 1.000000000000
1 8 57
1.000000000000 0.000000000000 0.000000000000 0.000000000000
0.000000000000 1.000000000000 0.000000000000 0.000000000000
0.000000000000 0.000000000000 1.000000000000 0.000000000000
0.000000000000 0.000000000000 0.000000000000 1.000000000000
1 9 57
1.000000000000 0.000000000000 0.000000000000 0.000000000000
0.000000000000 1.000000000000 0.000000000000 0.000000000000
0.000000000000 0.000000000000 1.000000000000 0.000000000000
0.000000000000 0.000000000000 0.000000000000 1.000000000000
1 10 57
0.556913347380 0.584136554906 -0.590450682726 0.223655079479
-0.646666121380 0.751070290776 0.133102763957 -0.532674841167
0.521220155951 0.307697747043 0.796022390072 0.195892599017
0.000000000000 0.000000000000 0.000000000000 1.000000000000
1 11 57
1.000000000000 0.000000000000 0.000000000000 0.000000000000
0.000000000000 1.000000000000 0.000000000000 0.000000000000
0.000000000000 0.000000000000 1.000000000000 0.000000000000
0.000000000000 0.000000000000 0.000000000000 1.000000000000
1 12 57
0.285903287506 0.154693807085 -0.945689767441 2.815466851435
-0.086030660584 0.987042175706 0.135449137377 -0.653870199602
0.954388828326 0.042632961735 0.295507013353 1.664177934596
0.000000000000 0.000000000000 0.000000000000 1.000000000000
1 13 57
1.000000000000 0.000000000000 0.000000000000 0.000000000000
0.000000000000 1.000000000000 0.000000000000 0.000000000000
0.000000000000 0.000000000000 1.000000000000 0.000000000000
0.000000000000 0.000000000000 0.000000000000 1.000000000000
1 14 57
0.622451650275 0.317463868392 -0.715381461415 0.659280549079
-0.368170496954 0.925362585073 0.090302665075 -0.446199301844
0.690655071829 0.207173305260 0.692874298372 0.568006515767
0.000000000000 0.000000000000 0.000000000000 1.000000000000
1 15 57
0.889953260508 -0.282040984691 0.358379794444 0.052177188541
0.295840015296 0.955086355188 0.016992335995 -0.324957962696
-0.347076186825 0.090900699047 0.933421225092 0.482936202970
0.000000000000 0.000000000000 0.000000000000 1.000000000000
1 16 57
0.527516836560 -0.298488802722 0.795380677283 -0.592388355410
0.433758913207 0.899644121955 0.049936550192 -0.116807522345
-0.730465052113 0.318661087178 0.604049599917 0.096123744672
0.000000000000 0.000000000000 0.000000000000 1.000000000000
1 17 57
1.000000000000 0.000000000000 0.000000000000 0.000000000000
0.000000000000 1.000000000000 0.000000000000 0.000000000000
0.000000000000 0.000000000000 1.000000000000 0.000000000000
0.000000000000 0.000000000000 0.000000000000 1.000000000000
1 18 57
1.000000000000 0.000000000000 0.000000000000 0.000000000000
0.000000000000 1.000000000000 0.000000000000 0.000000000000
0.000000000000 0.000000000000 1.000000000000 0.000000000000
0.000000000000 0.000000000000 0.000000000000 1.000000000000
1 19 57
1.000000000000 0.000000000000 0.000000000000 0.000000000000
0.000000000000 1.000000000000 0.000000000000 0.000000000000
0.000000000000 0.000000000000 1.000000000000 0.000000000000
0.000000000000 0.000000000000 0.000000000000 1.000000000000
1 20 57
1.000000000000 0.000000000000 0.000000000000 0.000000000000
0.000000000000 1.000000000000 0.000000000000 0.000000000000
0.000000000000 0.000000000000 1.000000000000 0.000000000000
0.000000000000 0.000000000000 0.000000000000 1.000000000000
1 21 57
1.000000000000 0.000000000000 0.000000000000 0.000000000000
0.000000000000 1.000000000000 0.000000000000 0.000000000000
0.000000000000 0.000000000000 1.000000000000 0.000000000000
0.000000000000 0.000000000000 0.000000000000 1.000000000000
1 22 57
-0.503123066730 -0.815502707235 -0.286046349769 -0.192961957500
-0.406238007130 -0.068971503321 0.911160585897 -2.743455997093
-0.762782971289 0.574628807337 -0.296587040329 2.952804215123
0.000000000000 0.000000000000 0.000000000000 1.000000000000
1 23 57
0.183430783447 -0.395597541243 0.899919848123 -1.841956642769
0.573915579583 0.786335690771 0.228685567825 -0.319826667485
-0.798106543762 0.474530048345 0.371277763975 0.795148726501
0.000000000000 0.000000000000 0.000000000000 1.000000000000
1 24 57
0.900490083653 -0.158374667852 0.405012436631 -1.553822086146
0.196674518389 0.978954508337 -0.054472051771 -0.112843211560
-0.387861757666 0.128707168372 0.912687088629 0.362725459838
0.000000000000 0.000000000000 0.000000000000 1.000000000000
1 25 57
0.949354903677 -0.154120223779 0.273810561313 -1.075266878401
0.175512500508 0.982924169494 -0.055276027268 0.147668740083
-0.260615864885 0.100533743824 0.960193906106 -0.166055834673
0.000000000000 0.000000000000 0.000000000000 1.000000000000
1 26 57
1.000000000000 0.000000000000 0.000000000000 0.000000000000
0.000000000000 1.000000000000 0.000000000000 0.000000000000
0.000000000000 0.000000000000 1.000000000000 0.000000000000
0.000000000000 0.000000000000 0.000000000000 1.000000000000
1 27 57
1.000000000000 0.000000000000 0.000000000000 0.000000000000
0.000000000000 1.000000000000 0.000000000000 0.000000000000
0.000000000000 0.000000000000 1.000000000000 0.000000000000
0.000000000000 0.000000000000 0.000000000000 1.000000000000
1 28 57
1.000000000000 0.000000000000 0.000000000000 0.000000000000
0.000000000000 1.000000000000 0.000000000000 0.000000000000
0.000000000000 0.000000000000 1.000000000000 0.000000000000
0.000000000000 0.000000000000 0.000000000000 1.000000000000
1 29 57
0.841705708301 -0.189444104399 0.505610949171 0.089162062311
0.188072076301 0.980650589364 0.054344417344 -0.228906530256
-0.506122904766 0.049349294719 0.861048344974 -0.109491566643
0.000000000000 0.000000000000 0.000000000000 1.000000000000
1 30 57
1.000000000000 0.000000000000 0.000000000000 0.000000000000
0.000000000000 1.000000000000 0.000000000000 0.000000000000
0.000000000000 0.000000000000 1.000000000000 0.000000000000
0.000000000000 0.000000000000 0.000000000000 1.000000000000
1 31 57
1.000000000000 0.000000000000 0.000000000000 0.000000000000
0.000000000000 1.000000000000 0.000000000000 0.000000000000
0.000000000000 0.000000000000 1.000000000000 0.000000000000
0.000000000000 0.000000000000 0.000000000000 1.000000000000
1 32 57
1.000000000000 0.000000000000 0.000000000000 0.000000000000
0.000000000000 1.000000000000 0.000000000000 0.000000000000
0.000000000000 0.000000000000 1.000000000000 0.000000000000
0.000000000000 0.000000000000 0.000000000000 1.000000000000
1 33 57
1.000000000000 0.000000000000 0.000000000000 0.000000000000
0.000000000000 1.000000000000 0.000000000000 0.000000000000
0.000000000000 0.000000000000 1.000000000000 0.000000000000
0.000000000000 0.000000000000 0.000000000000 1.000000000000
1 34 57
1.000000000000 0.000000000000 0.000000000000 0.000000000000
0.000000000000 1.000000000000 0.000000000000 0.000000000000
0.000000000000 0.000000000000 1.000000000000 0.000000000000
0.000000000000 0.000000000000 0.000000000000 1.000000000000
1 35 57
0.943033019487 -0.302306710942 -0.138922196484 1.119618306545
0.311392482611 0.654981415912 0.688501319232 -1.622401061178
-0.117147112342 -0.692538805649 0.711805139586 1.797504736469
0.000000000000 0.000000000000 0.000000000000 1.000000000000
1 36 57
1.000000000000 0.000000000000 0.000000000000 0.000000000000
0.000000000000 1.000000000000 0.000000000000 0.000000000000
0.000000000000 0.000000000000 1.000000000000 0.000000000000
0.000000000000 0.000000000000 0.000000000000 1.000000000000
1 37 57
-0.795293053442 0.386867149745 0.466736293419 -1.009228038854
-0.571608549076 -0.222100436027 -0.789895602558 0.856631956887
-0.201922326080 -0.894988941141 0.397771504090 0.466785553602
0.000000000000 0.000000000000 0.000000000000 1.000000000000
1 38 57
0.665931278810 -0.296495342729 -0.684562665972 1.089208467973
-0.725623080546 -0.470507162889 -0.502089787437 0.382435091813
-0.173224354179 0.831091764735 -0.528469300630 3.002515044093
0.000000000000 0.000000000000 0.000000000000 1.000000000000
1 39 57
1.000000000000 0.000000000000 0.000000000000 0.000000000000
0.000000000000 1.000000000000 0.000000000000 0.000000000000
0.000000000000 0.000000000000 1.000000000000 0.000000000000
0.000000000000 0.000000000000 0.000000000000 1.000000000000
1 40 57
0.500116408981 0.832622524443 0.237956528084 -0.404305358911
-0.835176252587 0.391156850387 0.386622484486 -0.862166541372
0.228832262985 -0.392091889976 0.891010519148 0.958076879498
0.000000000000 0.000000000000 0.000000000000 1.000000000000
1 41 57
1.000000000000 0.000000000000 0.000000000000 0.000000000000
0.000000000000 1.000000000000 0.000000000000 0.000000000000
0.000000000000 0.000000000000 1.000000000000 0.000000000000
0.000000000000 0.000000000000 0.000000000000 1.000000000000
1 42 57
1.000000000000 0.000000000000 0.000000000000 0.000000000000
0.000000000000 1.000000000000 0.000000000000 0.000000000000
0.000000000000 0.000000000000 1.000000000000 0.000000000000
0.000000000000 0.000000000000 0.000000000000 1.000000000000
1 43 57
1.000000000000 0.000000000000 0.000000000000 0.000000000000
0.000000000000 1.000000000000 0.000000000000 0.000000000000
0.000000000000 0.000000000000 1.000000000000 0.000000000000
0.000000000000 0.000000000000 0.000000000000 1.000000000000
1 44 57
1.000000000000 0.000000000000 0.000000000000 0.000000000000
0.000000000000 1.000000000000 0.000000000000 0.000000000000
0.000000000000 0.000000000000 1.000000000000 0.000000000000
0.000000000000 0.000000000000 0.000000000000 1.000000000000
1 45 57
1.000000000000 0.000000000000 0.000000000000 0.000000000000
0.000000000000 1.000000000000 0.000000000000 0.000000000000
0.000000000000 0.000000000000 1.000000000000 0.000000000000
0.000000000000 0.000000000000 0.000000000000 1.000000000000
1 46 57
1.000000000000 0.000000000000 0.000000000000 0.000000000000
0.000000000000 1.000000000000 0.000000000000 0.000000000000
0.000000000000 0.000000000000 1.000000000000 0.000000000000
0.000000000000 0.000000000000 0.000000000000 1.000000000000
1 47 57
1.000000000000 0.000000000000 0.000000000000 0.000000000000
0.000000000000 1.000000000000 0.000000000000 0.000000000000
0.000000000000 0.000000000000 1.000000000000 0.000000000000
0.000000000000 0.000000000000 0.000000000000 1.000000000000
1 48 57
1.000000000000 0.000000000000 0.000000000000 0.000000000000
0.000000000000 1.000000000000 0.000000000000 0.000000000000
0.000000000000 0.000000000000 1.000000000000 0.000000000000
0.000000000000 0.000000000000 0.000000000000 1.000000000000
1 49 57
1.000000000000 0.000000000000 0.000000000000 0.000000000000
0.000000000000 1.000000000000 0.000000000000 0.000000000000
0.000000000000 0.000000000000 1.000000000000 0.000000000000
0.000000000000 0.000000000000 0.000000000000 1.000000000000
1 50 57
1.000000000000 0.000000000000 0.000000000000 0.000000000000
0.000000000000 1.000000000000 0.000000000000 0.000000000000
0.000000000000 0.000000000000 1.000000000000 0.000000000000
0.000000000000 0.000000000000 0.000000000000 1.000000000000
1 51 57
1.000000000000 0.000000000000 0.000000000000 0.000000000000
0.000000000000 1.000000000000 0.000000000000 0.000000000000
0.000000000000 0.000000000000 1.000000000000 0.000000000000
0.000000000000 0.000000000000 0.000000000000 1.000000000000
1 52 57
0.272991003992 0.124563352154 -0.953918174185 1.633951417480
-0.293232327181 -0.933621385516 -0.205829810287 -0.604451359235
-0.916237258594 0.335909332718 -0.218344237747 2.486918317900
0.000000000000 0.000000000000 0.000000000000 1.000000000000
1 53 57
0.966970108419 -0.029285609705 -0.253201821653 0.880917875303
-0.128760194390 0.801186872023 -0.584397474703 -0.045951723925
0.219976411837 0.597697205249 0.770952935705 1.440483390442
0.000000000000 0.000000000000 0.000000000000 1.000000000000
1 54 57
1.000000000000 0.000000000000 0.000000000000 0.000000000000
0.000000000000 1.000000000000 0.000000000000 0.000000000000
0.000000000000 0.000000000000 1.000000000000 0.000000000000
0.000000000000 0.000000000000 0.000000000000 1.000000000000
1 55 57
1.000000000000 0.000000000000 0.000000000000 0.000000000000
0.000000000000 1.000000000000 0.000000000000 0.000000000000
0.000000000000 0.000000000000 1.000000000000 0.000000000000
0.000000000000 0.000000000000 0.000000000000 1.000000000000
1 56 57
1.000000000000 0.000000000000 0.000000000000 0.000000000000
0.000000000000 1.000000000000 0.000000000000 0.000000000000
0.000000000000 0.000000000000 1.000000000000 0.000000000000
0.000000000000 0.000000000000 0.000000000000 1.000000000000
2 3 57
0.717765122855 -0.332443968542 0.611795910572 -0.144527610420
0.066701176875 0.907445163074 0.414842414679 0.277230652193
-0.693083098493 -0.256951909495 0.673506892905 -0.098038441455
0.000000000000 0.000000000000 0.000000000000 1.000000000000
2 4 57
1.000000000000 0.000000000000 0.000000000000 0.000000000000
0.000000000000 1.000000000000 0.000000000000 0.000000000000
0.000000000000 0.000000000000 1.000000000000 0.000000000000
0.000000000000 0.000000000000 0.000000000000 1.000000000000
2 5 57
1.000000000000 0.000000000000 0.000000000000 0.000000000000
0.000000000000 1.000000000000 0.000000000000 0.000000000000
0.000000000000 0.000000000000 1.000000000000 0.000000000000
0.000000000000 0.000000000000 0.000000000000 1.000000000000
2 6 57
1.000000000000 0.000000000000 0.000000000000 0.000000000000
0.000000000000 1.000000000000 0.000000000000 0.000000000000
0.000000000000 0.000000000000 1.000000000000 0.000000000000
0.000000000000 0.000000000000 0.000000000000 1.000000000000
2 7 57
1.000000000000 0.000000000000 0.000000000000 0.000000000000
0.000000000000 1.000000000000 0.000000000000 0.000000000000
0.000000000000 0.000000000000 1.000000000000 0.000000000000
0.000000000000 0.000000000000 0.000000000000 1.000000000000
2 8 57
1.000000000000 0.000000000000 0.000000000000 0.000000000000
0.000000000000 1.000000000000 0.000000000000 0.000000000000
0.000000000000 0.000000000000 1.000000000000 0.000000000000
0.000000000000 0.000000000000 0.000000000000 1.000000000000
2 9 57
1.000000000000 0.000000000000 0.000000000000 0.000000000000
0.000000000000 1.000000000000 0.000000000000 0.000000000000
0.000000000000 0.000000000000 1.000000000000 0.000000000000
0.000000000000 0.000000000000 0.000000000000 1.000000000000
2 10 57
1.000000000000 0.000000000000 0.000000000000 0.000000000000
0.000000000000 1.000000000000 0.000000000000 0.000000000000
0.000000000000 0.000000000000 1.000000000000 0.000000000000
0.000000000000 0.000000000000 0.000000000000 1.000000000000
2 11 57
1.000000000000 0.000000000000 0.000000000000 0.000000000000
0.000000000000 1.000000000000 0.000000000000 0.000000000000
0.000000000000 0.000000000000 1.000000000000 0.000000000000
0.000000000000 0.000000000000 0.000000000000 1.000000000000
2 12 57
0.096911207577 -0.398087807409 0.912213963628 -0.641011711224
0.166759045144 0.910066386970 0.379434569023 -0.014744538136
-0.981223541660 0.115348467262 0.154580375183 1.427339349061
0.000000000000 0.000000000000 0.000000000000 1.000000000000
2 13 57
1.000000000000 0.000000000000 0.000000000000 0.000000000000
0.000000000000 1.000000000000 0.000000000000 0.000000000000
0.000000000000 0.000000000000 1.000000000000 0.000000000000
0.000000000000 0.000000000000 0.000000000000 1.000000000000
2 14 57
-0.012930026573 0.519618428883 -0.854300592753 0.116766328394
0.028188849652 0.854221867567 0.519143900788 0.049781991122
0.999518985897 -0.017369206534 -0.025692557215 1.240817718109
0.000000000000 0.000000000000 0.000000000000 1.000000000000
2 15 57
0.946833764195 0.184532115701 -0.263540739270 -0.082325746600
-0.010821801203 0.836957656775 0.547160643125 0.072936518447
0.321541150709 -0.515218185860 0.794456738508 0.855430068299
0.000000000000 0.000000000000 0.000000000000 1.000000000000
2 16 57
0.967630051481 0.015315852967 0.251907737313 -0.270146118054
-0.100404367953 0.939125624901 0.328575750094 0.105498091076
-0.231540593345 -0.343232407127 0.910263955307 0.076691626269
0.000000000000 0.000000000000 0.000000000000 1.000000000000
2 17 57
1.000000000000 0.000000000000 0.000000000000 0.000000000000
0.000000000000 1.000000000000 0.000000000000 0.000000000000
0.000000000000 0.000000000000 1.000000000000 0.000000000000
0.000000000000 0.000000000000 0.000000000000 1.000000000000
2 18 57
1.000000000000 0.000000000000 0.000000000000 0.000000000000
0.000000000000 1.000000000000 0.000000000000 0.000000000000
0.000000000000 0.000000000000 1.000000000000 0.000000000000
0.000000000000 0.000000000000 0.000000000000 1.000000000000
2 19 57
1.000000000000 0.000000000000 0.000000000000 0.000000000000
0.000000000000 1.000000000000 0.000000000000 0.000000000000
0.000000000000 0.000000000000 1.000000000000 0.000000000000
0.000000000000 0.000000000000 0.000000000000 1.000000000000
2 20 57
1.000000000000 0.000000000000 0.000000000000 0.000000000000
0.000000000000 1.000000000000 0.000000000000 0.000000000000
0.000000000000 0.000000000000 1.000000000000 0.000000000000
0.000000000000 0.000000000000 0.000000000000 1.000000000000
2 21 57
1.000000000000 0.000000000000 0.000000000000 0.000000000000
0.000000000000 1.000000000000 0.000000000000 0.000000000000
0.000000000000 0.000000000000 1.000000000000 0.000000000000
0.000000000000 0.000000000000 0.000000000000 1.000000000000
2 22 57
1.000000000000 0.000000000000 0.000000000000 0.000000000000
0.000000000000 1.000000000000 0.000000000000 0.000000000000
0.000000000000 0.000000000000 1.000000000000 0.000000000000
0.000000000000 0.000000000000 0.000000000000 1.000000000000
2 23 57
0.835805708311 -0.176793831347 0.519781453259 -1.567042592800
-0.014751236014 0.939161837929 0.343158044075 0.393755517938
-0.548827130334 -0.294480870984 0.782348897637 -0.319694462675
0.000000000000 0.000000000000 0.000000000000 1.000000000000
2 24 57
0.932009768909 0.226103012467 -0.283258218611 -1.008657119184
-0.070178976136 0.879338951675 0.470996729687 0.177201612261
0.355573764451 -0.419094781429 0.835420171060 -0.415958668941
0.000000000000 0.000000000000 0.000000000000 1.000000000000
2 25 57
0.874710609258 0.202003080293 -0.440540696876 -0.168368540529
0.012726654186 0.899108225325 0.437541348248 0.249678858433
0.484478464253 -0.388328668406 0.783888680215 -0.516800786078
0.000000000000 0.000000000000 0.000000000000 1.000000000000
2 26 57
1.000000000000 0.000000000000 0.000000000000 0.000000000000
0.000000000000 1.000000000000 0.000000000000 0.000000000000
0.000000000000 0.000000000000 1.000000000000 0.000000000000
0.000000000000 0.000000000000 0.000000000000 1.000000000000
2 27 57
1.000000000000 0.000000000000 0.000000000000 0.000000000000
0.000000000000 1.000000000000 0.000000000000 0.000000000000
0.000000000000 0.000000000000 1.000000000000 0.000000000000
0.000000000000 0.000000000000 0.000000000000 1.000000000000
2 28 57
1.000000000000 0.000000000000 0.000000000000 0.000000000000
0.000000000000 1.000000000000 0.000000000000 0.000000000000
0.000000000000 0.000000000000 1.000000000000 0.000000000000
0.000000000000 0.000000000000 0.000000000000 1.000000000000
2 29 57
1.000000000000 0.000000000000 0.000000000000 0.000000000000
0.000000000000 1.000000000000 0.000000000000 0.000000000000
0.000000000000 0.000000000000 1.000000000000 0.000000000000
0.000000000000 0.000000000000 0.000000000000 1.000000000000
2 30 57
1.000000000000 0.000000000000 0.000000000000 0.000000000000
0.000000000000 1.000000000000 0.000000000000 0.000000000000
0.000000000000 0.000000000000 1.000000000000 0.000000000000
0.000000000000 0.000000000000 0.000000000000 1.000000000000
2 31 57
1.000000000000 0.000000000000 0.000000000000 0.000000000000
0.000000000000 1.000000000000 0.000000000000 0.000000000000
0.000000000000 0.000000000000 1.000000000000 0.000000000000
0.000000000000 0.000000000000 0.000000000000 1.000000000000
2 32 57
1.000000000000 0.000000000000 0.000000000000 0.000000000000
0.000000000000 1.000000000000 0.000000000000 0.000000000000
0.000000000000 0.000000000000 1.000000000000 0.000000000000
0.000000000000 0.000000000000 0.000000000000 1.000000000000
2 33 57
1.000000000000 0.000000000000 0.000000000000 0.000000000000
0.000000000000 1.000000000000 0.000000000000 0.000000000000
0.000000000000 0.000000000000 1.000000000000 0.000000000000
0.000000000000 0.000000000000 0.000000000000 1.000000000000
2 34 57
1.000000000000 0.000000000000 0.000000000000 0.000000000000
0.000000000000 1.000000000000 0.000000000000 0.000000000000
0.000000000000 0.000000000000 1.000000000000 0.000000000000
0.000000000000 0.000000000000 0.000000000000 1.000000000000
2 35 57
1.000000000000 0.000000000000 0.000000000000 0.000000000000
0.000000000000 1.000000000000 0.000000000000 0.000000000000
0.000000000000 0.000000000000 1.000000000000 0.000000000000
0.000000000000 0.000000000000 0.000000000000 1.000000000000
2 36 57
1.000000000000 0.000000000000 0.000000000000 0.000000000000
0.000000000000 1.000000000000 0.000000000000 0.000000000000
0.000000000000 0.000000000000 1.000000000000 0.000000000000
0.000000000000 0.000000000000 0.000000000000 1.000000000000
2 37 57
1.000000000000 0.000000000000 0.000000000000 0.000000000000
0.000000000000 1.000000000000 0.000000000000 0.000000000000
0.000000000000 0.000000000000 1.000000000000 0.000000000000
0.000000000000 0.000000000000 0.000000000000 1.000000000000
2 38 57
1.000000000000 0.000000000000 0.000000000000 0.000000000000
0.000000000000 1.000000000000 0.000000000000 0.000000000000
0.000000000000 0.000000000000 1.000000000000 0.000000000000
0.000000000000 0.000000000000 0.000000000000 1.000000000000
2 39 57
1.000000000000 0.000000000000 0.000000000000 0.000000000000
0.000000000000 1.000000000000 0.000000000000 0.000000000000
0.000000000000 0.000000000000 1.000000000000 0.000000000000
0.000000000000 0.000000000000 0.000000000000 1.000000000000
2 40 57
1.000000000000 0.000000000000 0.000000000000 0.000000000000
0.000000000000 1.000000000000 0.000000000000 0.000000000000
0.000000000000 0.000000000000 1.000000000000 0.000000000000
0.000000000000 0.000000000000 0.000000000000 1.000000000000
2 41 57
1.000000000000 0.000000000000 0.000000000000 0.000000000000
0.000000000000 1.000000000000 0.000000000000 0.000000000000
0.000000000000 0.000000000000 1.000000000000 0.000000000000
0.000000000000 0.000000000000 0.000000000000 1.000000000000
2 42 57
1.000000000000 0.000000000000 0.000000000000 0.000000000000
0.000000000000 1.000000000000 0.000000000000 0.000000000000
0.000000000000 0.000000000000 1.000000000000 0.000000000000
0.000000000000 0.000000000000 0.000000000000 1.000000000000
2 43 57
1.000000000000 0.000000000000 0.000000000000 0.000000000000
0.000000000000 1.000000000000 0.000000000000 0.000000000000
0.000000000000 0.000000000000 1.000000000000 0.000000000000
0.000000000000 0.000000000000 0.000000000000 1.000000000000
2 44 57
0.585584255423 0.017530396496 0.810421967249 -1.854064840537
0.226096270780 0.956557341848 -0.184061207470 0.485125958228
-0.778441748713 0.291016729682 0.556181361523 1.491979462393
0.000000000000 0.000000000000 0.000000000000 1.000000000000
2 45 57
1.000000000000 0.000000000000 0.000000000000 0.000000000000
0.000000000000 1.000000000000 0.000000000000 0.000000000000
0.000000000000 0.000000000000 1.000000000000 0.000000000000
0.000000000000 0.000000000000 0.000000000000 1.000000000000
2 46 57
1.000000000000 0.000000000000 0.000000000000 0.000000000000
0.000000000000 1.000000000000 0.000000000000 0.000000000000
0.000000000000 0.000000000000 1.000000000000 0.000000000000
0.000000000000 0.000000000000 0.000000000000 1.000000000000
2 47 57
-0.279582512382 0.827841796680 -0.486324560803 -0.336824158243
0.912840318706 0.072198081743 -0.401883054554 0.059848158798
-0.297583889543 -0.556296141154 -0.775872690602 3.263362668420
0.000000000000 0.000000000000 0.000000000000 1.000000000000
2 48 57
1.000000000000 0.000000000000 0.000000000000 0.000000000000
0.000000000000 1.000000000000 0.000000000000 0.000000000000
0.000000000000 0.000000000000 1.000000000000 0.000000000000
0.000000000000 0.000000000000 0.000000000000 1.000000000000
2 49 57
1.000000000000 0.000000000000 0.000000000000 0.000000000000
0.000000000000 1.000000000000 0.000000000000 0.000000000000
0.000000000000 0.000000000000 1.000000000000 0.000000000000
0.000000000000 0.000000000000 0.000000000000 1.000000000000
2 50 57
0.189705069891 0.070901840810 -0.979277751931 1.747027399955
-0.196400359487 -0.974490915317 -0.108601817474 -0.134176280560
-0.961997341603 0.212932817891 -0.170940720175 2.105127050077
0.000000000000 0.000000000000 0.000000000000 1.000000000000
2 51 57
1.000000000000 0.000000000000 0.000000000000 0.000000000000
0.000000000000 1.000000000000 0.000000000000 0.000000000000
0.000000000000 0.000000000000 1.000000000000 0.000000000000
0.000000000000 0.000000000000 0.000000000000 1.000000000000
2 52 57
1.000000000000 0.000000000000 0.000000000000 0.000000000000
