0 1 57
0.823081017621 -0.322960584008 0.467155327069 -0.237684972935
0.229484014319 0.941554530775 0.246601201841 0.017551730455
-0.519494682941 -0.095768088391 0.849089952621 -0.027266877637
0.000000000000 0.000000000000 0.000000000000 1.000000000000
0 2 57
0.220849832348 -0.137712950295 0.965536376774 -0.473227470153
0.531073149322 0.847325748643 -0.000621092379 -0.071931112036
-0.818038300828 0.512907612546 0.260267399747 -0.096834452389
0.000000000000 0.000000000000 0.000000000000 1.000000000000
0 3 57
1.000000000000 0.000000000000 0.000000000000 0.000000000000
0.000000000000 1.000000000000 0.000000000000 0.000000000000
0.000000000000 0.000000000000 1.000000000000 0.000000000000
0.000000000000 0.000000000000 0.000000000000 1.000000000000
0 4 57
0.735268169951 0.030986338230 0.677067622250 -0.643826153941
-0.645361723803 0.337240514164 0.685402860409 -2.649504023261
-0.207096508195 -0.940908434679 0.267959612337 0.904667084699
0.000000000000 0.000000000000 0.000000000000 1.000000000000
0 5 57
1.000000000000 0.000000000000 0.000000000000 0.000000000000
0.000000000000 1.000000000000 0.000000000000 0.000000000000
0.000000000000 0.000000000000 1.000000000000 0.000000000000
0.000000000000 0.000000000000 0.000000000000 1.000000000000
0 6 57
-0.802109045419 0.179126648050 -0.569679491657 1.493793336123
-0.507862536964 -0.706463962161 0.492934390884 -0.288861229616
-0.314160345691 0.684706005616 0.657632848229 0.202628437844
0.000000000000 0.000000000000 0.000000000000 1.000000000000
0 7 57
-0.987207040253 0.147545057470 -0.060437700907 1.132722030347
0.107480227929 0.335824997901 -0.935772179213 1.339643007215
-0.117772069180 -0.930296741261 -0.347386978628 2.855012547651
0.000000000000 0.000000000000 0.000000000000 1.000000000000
0 8 57
0.821709046057 0.043005318595 -0.568282312060 -0.475021723480
-0.139557570685 0.981973565850 -0.127481765117 0.033816178723
0.552555814458 0.184061018538 0.812898279838 -0.357597268172
0.000000000000 0.000000000000 0.000000000000 1.000000000000
0 9 57
0.907047988949 0.107768906470 -0.407000993293 -0.156206683478
-0.044867029091 0.985922768510 0.161069066657 -0.050179194713
0.418629783274 -0.127836447587 0.899114535098 0.067673872449
0.000000000000 0.000000000000 0.000000000000 1.000000000000
0 10 57
0.496283917605 0.266024670974 -0.826397693341 0.860933241179
-0.254047781076 0.954728244800 0.154769840444 -0.274903051621
0.830157815151 0.133134717537 0.541399250950 0.591757876315
0.000000000000 0.000000000000 0.000000000000 1.000000000000
0 11 57
1.000000000000 0.000000000000 0.000000000000 0.000000000000
0.000000000000 1.000000000000 0.000000000000 0.000000000000
0.000000000000 0.000000000000 1.000000000000 0.000000000000
0.000000000000 0.000000000000 0.000000000000 1.000000000000
0 12 57
0.268273862671 0.417872988161 -0.867992684516 0.981937514881
0.910867511274 0.183287939947 0.369764665666 -1.599498026238
0.313607256792 -0.889824531487 -0.331455565124 3.612262403589
0.000000000000 0.000000000000 0.000000000000 1.000000000000
0 13 57
1.000000000000 0.000000000000 0.000000000000 0.000000000000
0.000000000000 1.000000000000 0.000000000000 0.000000000000
0.000000000000 0.000000000000 1.000000000000 0.000000000000
0.000000000000 0.000000000000 0.000000000000 1.000000000000
0 14 57
0.948462845606 0.073132222683 -0.308334085872 0.757006367558
-0.055318820664 0.996275984355 0.066136155599 -0.066828997057
0.312022528971 -0.045671008336 0.948976343442 0.138205622356
0.000000000000 0.000000000000 0.000000000000 1.000000000000
0 15 57
0.500916002328 -0.503016701704 0.704313393610 0.197689869169
0.392852046094 0.857252650331 0.332844052644 -0.129588626088
-0.771200640879 0.109964045523 0.627022711073 0.342058102103
0.000000000000 0.000000000000 0.000000000000 1.000000000000
0 16 57
-0.630919227836 -0.454370612499 -0.628878584819 1.978718697599
-0.773626066842 0.429743914974 0.465642433897 -1.442541030268
0.058682507189 0.780299630937 -0.622646648839 2.824036843813
0.000000000000 0.000000000000 0.000000000000 1.000000000000
0 17 57
1.000000000000 0.000000000000 0.000000000000 0.000000000000
0.000000000000 1.000000000000 0.000000000000 0.000000000000
0.000000000000 0.000000000000 1.000000000000 0.000000000000
0.000000000000 0.000000000000 0.000000000000 1.000000000000
0 18 57
-0.391277986773 0.769214442755 -0.505183806276 1.939378249166
-0.145582769267 0.490299718705 0.859308933464 -1.542226435352
0.908684320520 0.409774727008 -0.079859118113 2.806135556706
0.000000000000 0.000000000000 0.000000000000 1.000000000000
0 19 57
0.359827840914 0.364965621541 -0.858675736233 0.125786709614
-0.308657102778 0.915064874027 0.259590194783 -0.290699868830
0.880485501191 0.171628585660 0.441915049276 0.254503153731
0.000000000000 0.000000000000 0.000000000000 1.000000000000
0 20 57
-0.705729568965 -0.004826412992 0.708464876494 -1.238384584869
0.580817265108 -0.576569359743 0.574646915904 -1.149689395453
0.405705656900 0.817033952258 0.409705309724 1.714574982329
0.000000000000 0.000000000000 0.000000000000 1.000000000000
0 21 57
1.000000000000 0.000000000000 0.000000000000 0.000000000000
0.000000000000 1.000000000000 0.000000000000 0.000000000000
0.000000000000 0.000000000000 1.000000000000 0.000000000000
0.000000000000 0.000000000000 0.000000000000 1.000000000000
0 22 57
1.000000000000 0.000000000000 0.000000000000 0.000000000000
0.000000000000 1.000000000000 0.000000000000 0.000000000000
0.000000000000 0.000000000000 1.000000000000 0.000000000000
0.000000000000 0.000000000000 0.000000000000 1.000000000000
0 23 57
-0.412764149950 -0.349711901345 0.841027551614 -1.255805009757
0.390602724374 0.766180245326 0.510291429855 -0.492948385449
-0.822833681996 0.539137661205 -0.179653316260 1.639327302971
0.000000000000 0.000000000000 0.000000000000 1.000000000000
0 24 57
0.493360864862 -0.356435596702 0.793441064242 -1.336495760281
0.304803895825 0.925189761909 0.226093983884 -0.306555826565
-0.814671493372 0.130298004060 0.565095379583 1.118199007826
0.000000000000 0.000000000000 0.000000000000 1.000000000000
0 25 57
0.605656717658 -0.380805502133 0.698689566189 -1.260714890745
0.320158448872 0.920464541770 0.224150830825 -0.083029788943
-0.728476841068 0.087932911296 0.679403631974 0.381662206344
0.000000000000 0.000000000000 0.000000000000 1.000000000000
0 26 57
0.852827951240 -0.310671892348 0.419723076431 -1.821543400989
0.263973123386 0.949996325277 0.166808789007 0.084900219977
-0.450558182385 -0.031463586335 0.892192449543 -0.093610847949
0.000000000000 0.000000000000 0.000000000000 1.000000000000
0 27 57
0.154105006892 0.885920957439 -0.437487947287 2.601049245471
-0.476767956301 -0.321144828927 -0.818265430467 1.670861821532
-0.865415485588 0.334679034336 0.372888698247 0.993564752706
0.000000000000 0.000000000000 0.000000000000 1.000000000000
0 28 57
0.969303465048 -0.161996584370 0.184953776113 0.720658049457
0.146860180111 -0.221833446526 -0.963961622421 0.922318981578
0.197187423899 0.961533685658 -0.191233080823 1.392884101782
0.000000000000 0.000000000000 0.000000000000 1.000000000000
0 29 57
-0.939150299954 -0.006677916864 0.343441580946 0.143086082196
0.273293535960 -0.620234336832 0.735268665603 -3.067836319566
0.208104198177 0.784388151900 0.584318294990 0.151692138093
0.000000000000 0.000000000000 0.000000000000 1.000000000000
0 30 57
-0.348465506002 -0.748448113367 0.564266969372 0.176804607264
0.041246545639 0.589171938996 0.806954242056 -0.826965456427
-0.936413644497 0.304469781584 -0.174435198578 1.928550540364
0.000000000000 0.000000000000 0.000000000000 1.000000000000
0 31 57
-0.347382348021 -0.504726282846 -0.790301767484 1.884859104261
-0.830810281589 0.556469458400 0.009798871067 -0.012551351696
0.434833048754 0.659994788823 -0.612639452237 3.120474541777
0.000000000000 0.000000000000 0.000000000000 1.000000000000
0 32 57
0.288293258162 -0.739228686661 0.608627920914 -0.353468086577
0.804071214086 -0.158254721566 -0.573083698757 -0.556394226867
0.519958152140 0.654596358010 0.548768738271 0.738994569650
0.000000000000 0.000000000000 0.000000000000 1.000000000000
0 33 57
-0.850073827025 -0.409860909685 0.330739358589 -1.009474389231
0.464954309639 -0.878994724441 0.105762773950 -0.512300447980
0.247370124622 0.243684856151 0.937777005650 0.703448950604
0.000000000000 0.000000000000 0.000000000000 1.000000000000
0 34 57
1.000000000000 0.000000000000 0.000000000000 0.000000000000
0.000000000000 1.000000000000 0.000000000000 0.000000000000
0.000000000000 0.000000000000 1.000000000000 0.000000000000
0.000000000000 0.000000000000 0.000000000000 1.000000000000
0 35 57
1.000000000000 0.000000000000 0.000000000000 0.000000000000
0.000000000000 1.000000000000 0.000000000000 0.000000000000
0.000000000000 0.000000000000 1.000000000000 0.000000000000
0.000000000000 0.000000000000 0.000000000000 1.000000000000
0 36 57
0.285830255134 0.128153624703 0.949672424432 -1.096636099906
0.213860157583 0.957492631059 -0.193576068939 -0.382882833239
-0.934111823204 0.258426991514 0.246273408651 1.726274297654
0.000000000000 0.000000000000 0.000000000000 1.000000000000
0 37 57
0.164645051005 0.835621382850 0.524050485834 -0.479816286972
0.534543812555 0.370922578453 -0.759394069804 0.373836084186
-0.828948080183 0.405158420025 -0.385605672993 2.363177210717
0.000000000000 0.000000000000 0.000000000000 1.000000000000
0 38 57
-0.977716618646 -0.066903110858 0.198982882129 0.130804687842
-0.035988425591 -0.880408976893 -0.472847614597 1.122271730182
0.206821292053 -0.469472051526 0.858382750287 0.726790581490
0.000000000000 0.000000000000 0.000000000000 1.000000000000
0 39 57
1.000000000000 0.000000000000 0.000000000000 0.000000000000
0.000000000000 1.000000000000 0.000000000000 0.000000000000
0.000000000000 0.000000000000 1.000000000000 0.000000000000
0.000000000000 0.000000000000 0.000000000000 1.000000000000
0 40 57
0.860053722142 0.477626878219 0.179388294577 0.438512354944
-0.439484322334 0.872132741252 -0.215030258475 -0.215113455633
-0.259154636176 0.106099231097 0.959990535218 0.283424149410
0.000000000000 0.000000000000 0.000000000000 1.000000000000
0 41 57
-0.713272749949 -0.003537853282 0.700877641086 -0.592290749981
-0.012579754975 0.999890798649 -0.007755033350 -0.235665636331
-0.700773668131 -0.014348322956 -0.713239364928 3.069081317070
0.000000000000 0.000000000000 0.000000000000 1.000000000000
0 42 57
-0.997992963349 -0.007869761855 0.062834003164 1.136542180445
-0.058716575825 -0.256595720188 -0.964733642051 2.226385872326
0.023715160311 -0.966486783784 0.255618637704 0.414063257298
0.000000000000 0.000000000000 0.000000000000 1.000000000000
0 43 57
1.000000000000 0.000000000000 0.000000000000 0.000000000000
0.000000000000 1.000000000000 0.000000000000 0.000000000000
0.000000000000 0.000000000000 1.000000000000 0.000000000000
0.000000000000 0.000000000000 0.000000000000 1.000000000000
0 44 57
1.000000000000 0.000000000000 0.000000000000 0.000000000000
0.000000000000 1.000000000000 0.000000000000 0.000000000000
0.000000000000 0.000000000000 1.000000000000 0.000000000000
0.000000000000 0.000000000000 0.000000000000 1.000000000000
0 45 57
-0.871056431443 -0.245012830526 0.425710472174 -0.342456357911
0.440069693681 -0.774258357683 0.454821569696 -1.110875555652
0.218172770858 0.583517530529 0.782245443337 0.575237591206
0.000000000000 0.000000000000 0.000000000000 1.000000000000
0 46 57
0.514089990029 -0.776116678501 -0.365177194666 -0.586108640423
0.850685209985 0.406868900711 0.332854880011 0.013071954624
-0.109754980139 -0.481768200473 0.869398208733 1.476879506003
0.000000000000 0.000000000000 0.000000000000 1.000000000000
0 47 57
0.523932553438 0.794261562429 -0.307641430722 0.995648375061
-0.806832213138 0.578548403800 0.119597342371 -1.572670761794
0.272977030701 0.185554075430 0.943956156716 1.330368494875
0.000000000000 0.000000000000 0.000000000000 1.000000000000
0 48 57
-0.221689866966 0.931073829165 0.289750112216 -0.795181925042
-0.607133609828 -0.364316329555 0.706160315960 -0.848707854018
0.763048086756 -0.019368445076 0.646051453550 1.290931126219
0.000000000000 0.000000000000 0.000000000000 1.000000000000
0 49 57
1.000000000000 0.000000000000 0.000000000000 0.000000000000
0.000000000000 1.000000000000 0.000000000000 0.000000000000
0.000000000000 0.000000000000 1.000000000000 0.000000000000
0.000000000000 0.000000000000 0.000000000000 1.000000000000
0 50 57
0.213215159688 -0.734684109518 -0.644033038672 0.604881573442
0.758610101283 0.539888868682 -0.364733770995 -0.095498075118
0.615670374397 -0.410803199470 0.672451278082 0.973382468406
0.000000000000 0.000000000000 0.000000000000 1.000000000000
0 51 57
0.160041530774 -0.694191829953 0.701772336057 0.154801736957
0.077110942370 -0.699971388623 -0.709995744829 1.163218144009
0.984093801929 0.167743132008 -0.058494706340 1.871421726821
0.000000000000 0.000000000000 0.000000000000 1.000000000000
0 52 57
0.895998682006 -0.112341382270 0.429611191281 0.481494092332
0.183784730485 0.974535686296 -0.128465438837 -0.769071449771
-0.404239452162 0.194060840884 0.893829321152 0.483743462814
0.000000000000 0.000000000000 0.000000000000 1.000000000000
0 53 57
1.000000000000 0.000000000000 0.000000000000 0.000000000000
0.000000000000 1.000000000000 0.000000000000 0.000000000000
0.000000000000 0.000000000000 1.000000000000 0.000000000000
0.000000000000 0.000000000000 0.000000000000 1.000000000000
0 54 57
1.000000000000 0.000000000000 0.000000000000 0.000000000000
0.000000000000 1.000000000000 0.000000000000 0.000000000000
0.000000000000 0.000000000000 1.000000000000 0.000000000000
0.000000000000 0.000000000000 0.000000000000 1.000000000000
0 55 57
-0.754443406409 -0.243866675238 -0.609380169708 1.772339139832
-0.121636992615 -0.860388599885 0.494909991024 -1.922537498963
-0.644995805066 0.447504750696 0.619451297158 0.648889237626
0.000000000000 0.000000000000 0.000000000000 1.000000000000
0 56 57
1.000000000000 0.000000000000 0.000000000000 0.000000000000
0.000000000000 1.000000000000 0.000000000000 0.000000000000
0.000000000000 0.000000000000 1.000000000000 0.000000000000
0.000000000000 0.000000000000 0.000000000000 1.000000000000
1 2 57
0.691806563393 -0.073522379763 0.718330104145 -0.487159519135
0.461257016517 0.810381104961 -0.361281648352 -0.053272754559
-0.555558856972 0.581271816275 0.594539680798 -0.121362371662
0.000000000000 0.000000000000 0.000000000000 1.000000000000
1 3 57
0.220930796127 -0.924295375218 0.311235670632 0.115481156505
0.957839127697 0.265730148147 0.109232292930 0.196026895732
-0.183667604045 0.273980925826 0.944034249118 -0.483142690011
0.000000000000 0.000000000000 0.000000000000 1.000000000000
1 4 57
1.000000000000 0.000000000000 0.000000000000 0.000000000000
0.000000000000 1.000000000000 0.000000000000 0.000000000000
0.000000000000 0.000000000000 1.000000000000 0.000000000000
0.000000000000 0.000000000000 0.000000000000 1.000000000000
1 5 57
0.897403972199 0.040290368230 0.439366358418 -1.134509406990
0.025840734018 0.989312803024 -0.143500641943 0.743359670809
-0.440452457306 0.140131595297 0.886772106492 0.506770171601
0.000000000000 0.000000000000 0.000000000000 1.000000000000
1 6 57
1.000000000000 0.000000000000 0.000000000000 0.000000000000
0.000000000000 1.000000000000 0.000000000000 0.000000000000
0.000000000000 0.000000000000 1.000000000000 0.000000000000
0.000000000000 0.000000000000 0.000000000000 1.000000000000
1 7 57
1.000000000000 0.000000000000 0.000000000000 0.000000000000
0.000000000000 1.000000000000 0.000000000000 0.000000000000
0.000000000000 0.000000000000 1.000000000000 0.000000000000
0.000000000000 0.000000000000 0.000000000000 1.000000000000
1 8 57
1.000000000000 0.000000000000 0.000000000000 0.000000000000
0.000000000000 1.000000000000 0.000000000000 0.000000000000
0.000000000000 0.000000000000 1.000000000000 0.000000000000
0.000000000000 0.000000000000 0.000000000000 1.000000000000
1 9 57
-0.868747719527 0.486608206114 0.092140401340 -0.318600438973
0.013998638268 0.210098982844 -0.977579897264 1.396672787746
-0.495057004741 -0.847980466255 -0.189334864477 2.375686314144
0.000000000000 0.000000000000 0.000000000000 1.000000000000
1 10 57
0.240161924392 0.886491716943 0.395543532199 -0.176581316191
-0.888933168829 0.037124348764 0.456529959678 -1.875515888716
0.390025731750 -0.461252879147 0.796947746124 -0.217406351465
0.000000000000 0.000000000000 0.000000000000 1.000000000000
1 11 57
1.000000000000 0.000000000000 0.000000000000 0.000000000000
0.000000000000 1.000000000000 0.000000000000 0.000000000000
0.000000000000 0.000000000000 1.000000000000 0.000000000000
0.000000000000 0.000000000000 0.000000000000 1.000000000000
1 12 57
0.829416274830 0.269582086866 -0.489279206065 2.502541732395
-0.304234044775 0.952553803824 0.009104769093 -0.626088369481
0.468519251522 0.141303748222 0.872079676229 0.476616990430
0.000000000000 0.000000000000 0.000000000000 1.000000000000
1 13 57
-0.682920365955 -0.184376604919 0.706841595637 -0.352956168678
0.592570275396 0.426021138446 0.683642054232 -1.061485874441
-0.427177062214 0.885726400846 -0.181682416219 1.526277339560
0.000000000000 0.000000000000 0.000000000000 1.000000000000
1 14 57
0.613123442587 0.318673385724 -0.722860233642 0.672039180392
-0.375017253067 0.922763132045 0.088714497349 -0.445414859928
0.695299722460 0.216692121150 0.685275725952 0.571597629582
0.000000000000 0.000000000000 0.000000000000 1.000000000000
1 15 57
0.889004402620 -0.278424885546 0.363525453347 0.050856596110
0.290718845939 0.956562913393 0.021678222643 -0.312579959974
-0.353770723405 0.086411664896 0.931332002796 0.499562339119
0.000000000000 0.000000000000 0.000000000000 1.000000000000
1 16 57
0.494551582535 -0.292071913934 0.818604134673 -0.658015542714
0.433261049876 0.899327161218 0.059122920730 -0.125757341207
-0.753461077212 0.325429952810 0.571307054867 0.150085480842
0.000000000000 0.000000000000 0.000000000000 1.000000000000
1 17 57
1.000000000000 0.000000000000 0.000000000000 0.000000000000
0.000000000000 1.000000000000 0.000000000000 0.000000000000
0.000000000000 0.000000000000 1.000000000000 0.000000000000
0.000000000000 0.000000000000 0.000000000000 1.000000000000
1 18 57
0.384671545913 0.251963832385 -0.887998890165 2.569593744706
-0.226916831990 0.958314021056 0.173617362055 -0.101870481351
0.894727083039 0.134716235908 0.425810970571 1.028097921718
0.000000000000 0.000000000000 0.000000000000 1.000000000000
1 19 57
1.000000000000 0.000000000000 0.000000000000 0.000000000000
0.000000000000 1.000000000000 0.000000000000 0.000000000000
0.000000000000 0.000000000000 1.000000000000 0.000000000000
0.000000000000 0.000000000000 0.000000000000 1.000000000000
1 20 57
0.910462691665 0.387928170128 -0.143420437551 0.932489620036
-0.091743436478 0.527558380397 0.844550352043 -1.283644010528
0.403287526399 -0.755773702966 0.515912086460 1.423240466352
0.000000000000 0.000000000000 0.000000000000 1.000000000000
1 21 57
1.000000000000 0.000000000000 0.000000000000 0.000000000000
0.000000000000 1.000000000000 0.000000000000 0.000000000000
0.000000000000 0.000000000000 1.000000000000 0.000000000000
0.000000000000 0.000000000000 0.000000000000 1.000000000000
1 22 57
0.327894568464 -0.258119151630 0.908768207814 -1.736514523852
-0.118275284496 0.943165331986 0.310564185985 -0.392931661764
-0.937281232635 -0.209317128064 0.278729673429 0.840293460335
0.000000000000 0.000000000000 0.000000000000 1.000000000000
1 23 57
0.183196060670 -0.393842142436 0.900737237043 -1.828149594275
0.575055204388 0.786065015383 0.226745018682 -0.308254910062
-0.797339774037 0.476434841749 0.370484987964 0.792036211112
0.000000000000 0.000000000000 0.000000000000 1.000000000000
1 24 57
0.904070598835 -0.148935235836 0.400592870442 -1.535221479047
0.195575152463 0.977587821050 -0.077925681732 -0.083527300445
-0.380008831557 0.148796329460 0.912936438246 0.351598430672
0.000000000000 0.000000000000 0.000000000000 1.000000000000
1 25 57
0.954152013540 -0.155392192358 0.255826506858 -1.044452808645
0.182141421411 0.979654057956 -0.084275911964 0.198831093283
-0.237525656853 0.127008634687 0.963042246764 -0.178047135309
0.000000000000 0.000000000000 0.000000000000 1.000000000000
1 26 57
0.999577545468 0.018463617293 0.022446056055 -1.521584728780
-0.016619583833 0.996677628605 -0.079733895372 0.605377060975
-0.023843658050 0.079327167316 0.996563435260 -0.700904026756
0.000000000000 0.000000000000 0.000000000000 1.000000000000
1 27 57
0.439675568144 -0.462036171084 0.770199955458 -2.249672739095
0.515268156320 0.832138463800 0.205047077880 0.759147489772
-0.735652174509 0.306705320584 0.603943477873 -0.810844903284
0.000000000000 0.000000000000 0.000000000000 1.000000000000
1 28 57
1.000000000000 0.000000000000 0.000000000000 0.000000000000
0.000000000000 1.000000000000 0.000000000000 0.000000000000
0.000000000000 0.000000000000 1.000000000000 0.000000000000
0.000000000000 0.000000000000 0.000000000000 1.000000000000
1 29 57
1.000000000000 0.000000000000 0.000000000000 0.000000000000
0.000000000000 1.000000000000 0.000000000000 0.000000000000
0.000000000000 0.000000000000 1.000000000000 0.000000000000
0.000000000000 0.000000000000 0.000000000000 1.000000000000
1 30 57
1.000000000000 0.000000000000 0.000000000000 0.000000000000
0.000000000000 1.000000000000 0.000000000000 0.000000000000
0.000000000000 0.000000000000 1.000000000000 0.000000000000
0.000000000000 0.000000000000 0.000000000000 1.000000000000
1 31 57
1.000000000000 0.000000000000 0.000000000000 0.000000000000
0.000000000000 1.000000000000 0.000000000000 0.000000000000
0.000000000000 0.000000000000 1.000000000000 0.000000000000
0.000000000000 0.000000000000 0.000000000000 1.000000000000
1 32 57
1.000000000000 0.000000000000 0.000000000000 0.000000000000
0.000000000000 1.000000000000 0.000000000000 0.000000000000
0.000000000000 0.000000000000 1.000000000000 0.000000000000
0.000000000000 0.000000000000 0.000000000000 1.000000000000
1 33 57
0.029052213764 0.997291582329 -0.067568252096 0.862493344259
-0.880374648944 0.057542144519 0.470775295764 -0.769219681519
0.473388261761 0.045808311691 0.879661953370 0.831811065956
0.000000000000 0.000000000000 0.000000000000 1.000000000000
1 34 57
1.000000000000 0.000000000000 0.000000000000 0.000000000000
0.000000000000 1.000000000000 0.000000000000 0.000000000000
0.000000000000 0.000000000000 1.000000000000 0.000000000000
0.000000000000 0.000000000000 0.000000000000 1.000000000000
1 35 57
1.000000000000 0.000000000000 0.000000000000 0.000000000000
0.000000000000 1.000000000000 0.000000000000 0.000000000000
0.000000000000 0.000000000000 1.000000000000 0.000000000000
0.000000000000 0.000000000000 0.000000000000 1.000000000000
1 36 57
0.122239615258 -0.545890160137 0.828891675388 -1.560368781383
-0.638332988642 -0.682748958540 -0.355506477049 0.147770205917
0.759992415799 -0.485651925435 -0.431918667400 2.076670538917
0.000000000000 0.000000000000 0.000000000000 1.000000000000
1 37 57
1.000000000000 0.000000000000 0.000000000000 0.000000000000
0.000000000000 1.000000000000 0.000000000000 0.000000000000
0.000000000000 0.000000000000 1.000000000000 0.000000000000
0.000000000000 0.000000000000 0.000000000000 1.000000000000
1 38 57
-0.226549562906 0.916581084335 -0.329475964807 1.339779210105
0.163348388958 0.369234610678 0.914867807993 -1.190724098683
0.960204457067 0.153443533966 -0.233371983134 2.221061668369
0.000000000000 0.000000000000 0.000000000000 1.000000000000
1 39 57
1.000000000000 0.000000000000 0.000000000000 0.000000000000
0.000000000000 1.000000000000 0.000000000000 0.000000000000
0.000000000000 0.000000000000 1.000000000000 0.000000000000
0.000000000000 0.000000000000 0.000000000000 1.000000000000
1 40 57
-0.550480026640 0.379399091817 -0.743658570447 2.218884811725
-0.814263064346 -0.047408525567 0.578556906230 -0.379937922858
0.184248208438 0.924017727553 0.335028113530 -0.053048724608
0.000000000000 0.000000000000 0.000000000000 1.000000000000
1 41 57
1.000000000000 0.000000000000 0.000000000000 0.000000000000
0.000000000000 1.000000000000 0.000000000000 0.000000000000
0.000000000000 0.000000000000 1.000000000000 0.000000000000
0.000000000000 0.000000000000 0.000000000000 1.000000000000
1 42 57
1.000000000000 0.000000000000 0.000000000000 0.000000000000
0.000000000000 1.000000000000 0.000000000000 0.000000000000
0.000000000000 0.000000000000 1.000000000000 0.000000000000
0.000000000000 0.000000000000 0.000000000000 1.000000000000
1 43 57
1.000000000000 0.000000000000 0.000000000000 0.000000000000
0.000000000000 1.000000000000 0.000000000000 0.000000000000
0.000000000000 0.000000000000 1.000000000000 0.000000000000
0.000000000000 0.000000000000 0.000000000000 1.000000000000
1 44 57
-0.232160374261 0.823946676717 0.516926914129 -0.832258139515
-0.318403901259 0.437790127806 -0.840808396520 0.933080795018
-0.919086783871 -0.359793938142 0.160710316377 2.438674209563
0.000000000000 0.000000000000 0.000000000000 1.000000000000
1 45 57
1.000000000000 0.000000000000 0.000000000000 0.000000000000
0.000000000000 1.000000000000 0.000000000000 0.000000000000
0.000000000000 0.000000000000 1.000000000000 0.000000000000
0.000000000000 0.000000000000 0.000000000000 1.000000000000
1 46 57
1.000000000000 0.000000000000 0.000000000000 0.000000000000
0.000000000000 1.000000000000 0.000000000000 0.000000000000
0.000000000000 0.000000000000 1.000000000000 0.000000000000
0.000000000000 0.000000000000 0.000000000000 1.000000000000
1 47 57
-0.586158433207 0.792261693791 0.169527873020 -0.070038743765
-0.808953199728 -0.583890831837 -0.068309714882 -1.133356807275
0.044866600382 -0.177180430771 0.983155167368 1.388496594952
0.000000000000 0.000000000000 0.000000000000 1.000000000000
1 48 57
-0.325960493275 0.928942831057 -0.175541942147 -0.484993817467
-0.607791964302 -0.063694011685 0.791537744523 -1.402129091582
0.724112342771 0.364703015485 0.585365719480 1.379243495724
0.000000000000 0.000000000000 0.000000000000 1.000000000000
1 49 57
0.389924827199 0.086484182927 0.916776480522 -0.079092352526
0.773477540985 -0.571004798624 -0.275110911343 0.864934999348
0.499691027262 0.816378592353 -0.289542520578 2.148126533759
0.000000000000 0.000000000000 0.000000000000 1.000000000000
1 50 57
1.000000000000 0.000000000000 0.000000000000 0.000000000000
0.000000000000 1.000000000000 0.000000000000 0.000000000000
0.000000000000 0.000000000000 1.000000000000 0.000000000000
0.000000000000 0.000000000000 0.000000000000 1.000000000000
1 51 57
0.141114160502 0.200178821233 -0.969543827393 1.837596561680
0.795791672457 0.559628113702 0.231369808754 -1.387440697291
0.588899318860 -0.804204460249 -0.080329187481 1.991237084667
0.000000000000 0.000000000000 0.000000000000 1.000000000000
1 52 57
1.000000000000 0.000000000000 0.000000000000 0.000000000000
0.000000000000 1.000000000000 0.000000000000 0.000000000000
0.000000000000 0.000000000000 1.000000000000 0.000000000000
0.000000000000 0.000000000000 0.000000000000 1.000000000000
1 53 57
1.000000000000 0.000000000000 0.000000000000 0.000000000000
0.000000000000 1.000000000000 0.000000000000 0.000000000000
0.000000000000 0.000000000000 1.000000000000 0.000000000000
0.000000000000 0.000000000000 0.000000000000 1.000000000000
1 54 57
1.000000000000 0.000000000000 0.000000000000 0.000000000000
0.000000000000 1.000000000000 0.000000000000 0.000000000000
0.000000000000 0.000000000000 1.000000000000 0.000000000000
0.000000000000 0.000000000000 0.000000000000 1.000000000000
1 55 57
1.000000000000 0.000000000000 0.000000000000 0.000000000000
0.000000000000 1.000000000000 0.000000000000 0.000000000000
0.000000000000 0.000000000000 1.000000000000 0.000000000000
0.000000000000 0.000000000000 0.000000000000 1.000000000000
1 56 57
1.000000000000 0.000000000000 0.000000000000 0.000000000000
0.000000000000 1.000000000000 0.000000000000 0.000000000000
0.000000000000 0.000000000000 1.000000000000 0.000000000000
0.000000000000 0.000000000000 0.000000000000 1.000000000000
2 3 57
0.693600031079 -0.325410978467 0.642671527283 -0.236615687789
0.035606111584 0.906549332339 0.420595426572 0.247815265101
-0.719479813272 -0.268841966830 0.640369264695 -0.053888687912
0.000000000000 0.000000000000 0.000000000000 1.000000000000
2 4 57
-0.523238936903 0.634603710900 0.568769852419 -1.211897020929
-0.758530664181 -0.651011382104 0.028555417481 0.356747162000
0.388397021622 -0.416488067636 0.822000877805 0.615258409579
0.000000000000 0.000000000000 0.000000000000 1.000000000000
2 5 57
1.000000000000 0.000000000000 0.000000000000 0.000000000000
0.000000000000 1.000000000000 0.000000000000 0.000000000000
0.000000000000 0.000000000000 1.000000000000 0.000000000000
0.000000000000 0.000000000000 0.000000000000 1.000000000000
2 6 57
1.000000000000 0.000000000000 0.000000000000 0.000000000000
0.000000000000 1.000000000000 0.000000000000 0.000000000000
0.000000000000 0.000000000000 1.000000000000 0.000000000000
0.000000000000 0.000000000000 0.000000000000 1.000000000000
2 7 57
1.000000000000 0.000000000000 0.000000000000 0.000000000000
0.000000000000 1.000000000000 0.000000000000 0.000000000000
0.000000000000 0.000000000000 1.000000000000 0.000000000000
0.000000000000 0.000000000000 0.000000000000 1.000000000000
2 8 57
1.000000000000 0.000000000000 0.000000000000 0.000000000000
0.000000000000 1.000000000000 0.000000000000 0.000000000000
0.000000000000 0.000000000000 1.000000000000 0.000000000000
0.000000000000 0.000000000000 0.000000000000 1.000000000000
2 9 57
1.000000000000 0.000000000000 0.000000000000 0.000000000000
0.000000000000 1.000000000000 0.000000000000 0.000000000000
0.000000000000 0.000000000000 1.000000000000 0.000000000000
0.000000000000 0.000000000000 0.000000000000 1.000000000000
2 10 57
-0.735021098820 0.299262577499 -0.608429037766 0.851199067230
0.635540916240 -0.008630428952 -0.772018950209 2.667362032003
-0.236287384500 -0.954131765221 -0.183850065329 2.844600897307
0.000000000000 0.000000000000 0.000000000000 1.000000000000
2 11 57
1.000000000000 0.000000000000 0.000000000000 0.000000000000
0.000000000000 1.000000000000 0.000000000000 0.000000000000
0.000000000000 0.000000000000 1.000000000000 0.000000000000
0.000000000000 0.000000000000 0.000000000000 1.000000000000
2 12 57
-0.043278442650 -0.307569695822 0.950540824275 -0.780238535154
0.097537997243 0.945586340057 0.310407494418 0.030897158371
-0.994290357740 0.106147801243 -0.010923772046 1.696526498954
0.000000000000 0.000000000000 0.000000000000 1.000000000000
2 13 57
1.000000000000 0.000000000000 0.000000000000 0.000000000000
0.000000000000 1.000000000000 0.000000000000 0.000000000000
0.000000000000 0.000000000000 1.000000000000 0.000000000000
0.000000000000 0.000000000000 0.000000000000 1.000000000000
2 14 57
-0.094864682125 0.455331328526 -0.885253677399 0.254715096693
0.047685626573 0.890321755575 0.452828060712 0.056738832399
0.994347410669 0.000743513754 -0.106172850031 1.339098465387
0.000000000000 0.000000000000 0.000000000000 1.000000000000
2 15 57
0.945827643656 0.198364160840 -0.257024761825 -0.087803755567
-0.023813224982 0.831903918697 0.554408513980 0.060181534250
0.323794686202 -0.518254309921 0.791561413559 0.867898268323
0.000000000000 0.000000000000 0.000000000000 1.000000000000
2 16 57
0.969026258788 0.009220771164 0.246785508405 -0.248381275364
-0.093392385729 0.938772635658 0.331638056965 0.092722369357
-0.228617523535 -0.344413873006 0.910556484801 0.075076313205
0.000000000000 0.000000000000 0.000000000000 1.000000000000
2 17 57
0.621529510900 -0.033757541969 0.782663079134 -0.813715704732
-0.055489020283 0.994664662111 0.086966537105 0.913964892896
-0.781423083680 -0.097481476744 0.616340268021 -0.573659243674
0.000000000000 0.000000000000 0.000000000000 1.000000000000
2 18 57
1.000000000000 0.000000000000 0.000000000000 0.000000000000
0.000000000000 1.000000000000 0.000000000000 0.000000000000
0.000000000000 0.000000000000 1.000000000000 0.000000000000
0.000000000000 0.000000000000 0.000000000000 1.000000000000
2 19 57
1.000000000000 0.000000000000 0.000000000000 0.000000000000
0.000000000000 1.000000000000 0.000000000000 0.000000000000
0.000000000000 0.000000000000 1.000000000000 0.000000000000
0.000000000000 0.000000000000 0.000000000000 1.000000000000
2 20 57
1.000000000000 0.000000000000 0.000000000000 0.000000000000
0.000000000000 1.000000000000 0.000000000000 0.000000000000
0.000000000000 0.000000000000 1.000000000000 0.000000000000
0.000000000000 0.000000000000 0.000000000000 1.000000000000
2 21 57
1.000000000000 0.000000000000 0.000000000000 0.000000000000
0.000000000000 1.000000000000 0.000000000000 0.000000000000
0.000000000000 0.000000000000 1.000000000000 0.000000000000
0.000000000000 0.000000000000 0.000000000000 1.000000000000
2 22 57
1.000000000000 0.000000000000 0.000000000000 0.000000000000
0.000000000000 1.000000000000 0.000000000000 0.000000000000
0.000000000000 0.000000000000 1.000000000000 0.000000000000
0.000000000000 0.000000000000 0.000000000000 1.000000000000
2 23 57
0.842958978446 -0.204328356040 0.497664629621 -1.528744821598
0.030033000214 0.941495987178 0.335683370196 0.426891123651
-0.537138882930 -0.268020948893 0.799779089123 -0.367726789171
0.000000000000 0.000000000000 0.000000000000 1.000000000000
2 24 57
0.935958116586 0.264650075951 -0.232255766980 -1.092498029029
-0.144537476997 0.890242758209 0.431945308111 0.313593952977
0.321078373205 -0.370713054471 0.871481789543 -0.462998735693
0.000000000000 0.000000000000 0.000000000000 1.000000000000
2 25 57
0.902130557588 0.243088996588 -0.356466263206 -0.381685773501
-0.039005722812 0.868746005715 0.493719486290 0.151722335015
0.429696416850 -0.431495211204 0.793204180557 -0.524977121135
0.000000000000 0.000000000000 0.000000000000 1.000000000000
2 26 57
0.815753386267 0.230195769270 0.530618809132 -1.378683989157
-0.556767308022 0.063968998077 0.828201745955 -1.240642538468
0.156705384440 -0.971039584721 0.180348405572 2.316720251623
0.000000000000 0.000000000000 0.000000000000 1.000000000000
2 27 57
1.000000000000 0.000000000000 0.000000000000 0.000000000000
0.000000000000 1.000000000000 0.000000000000 0.000000000000
0.000000000000 0.000000000000 1.000000000000 0.000000000000
0.000000000000 0.000000000000 0.000000000000 1.000000000000
2 28 57
1.000000000000 0.000000000000 0.000000000000 0.000000000000
0.000000000000 1.000000000000 0.000000000000 0.000000000000
0.000000000000 0.000000000000 1.000000000000 0.000000000000
0.000000000000 0.000000000000 0.000000000000 1.000000000000
2 29 57
1.000000000000 0.000000000000 0.000000000000 0.000000000000
0.000000000000 1.000000000000 0.000000000000 0.000000000000
0.000000000000 0.000000000000 1.000000000000 0.000000000000
0.000000000000 0.000000000000 0.000000000000 1.000000000000
2 30 57
0.450382167163 -0.890799868829 -0.060261905007 -0.750758152973
0.300348795196 0.087601148699 0.949798210132 -1.763205838013
-0.840801108899 -0.445871766812 0.307004662561 2.017446549739
0.000000000000 0.000000000000 0.000000000000 1.000000000000
2 31 57
0.978405915711 0.009147791168 -0.206490149933 -1.200575005779
-0.123573096456 0.826704389879 -0.548898480219 1.690816886139
0.165685104747 0.562562147386 0.809982886482 0.127699119346
0.000000000000 0.000000000000 0.000000000000 1.000000000000
2 32 57
1.000000000000 0.000000000000 0.000000000000 0.000000000000
0.000000000000 1.000000000000 0.000000000000 0.000000000000
0.000000000000 0.000000000000 1.000000000000 0.000000000000
0.000000000000 0.000000000000 0.000000000000 1.000000000000
2 33 57
1.000000000000 0.000000000000 0.000000000000 0.000000000000
0.000000000000 1.000000000000 0.000000000000 0.000000000000
0.000000000000 0.000000000000 1.000000000000 0.000000000000
0.000000000000 0.000000000000 0.000000000000 1.000000000000
2 34 57
0.150607312473 0.014686398887 -0.988484571006 0.154654496942
-0.045491720642 0.998933395318 0.007910440637 0.083216182246
0.987546424621 0.043776493758 0.151114783564 1.818871251722
0.000000000000 0.000000000000 0.000000000000 1.000000000000
2 35 57
1.000000000000 0.000000000000 0.000000000000 0.000000000000
0.000000000000 1.000000000000 0.000000000000 0.000000000000
0.000000000000 0.000000000000 1.000000000000 0.000000000000
0.000000000000 0.000000000000 0.000000000000 1.000000000000
2 36 57
1.000000000000 0.000000000000 0.000000000000 0.000000000000
0.000000000000 1.000000000000 0.000000000000 0.000000000000
0.000000000000 0.000000000000 1.000000000000 0.000000000000
0.000000000000 0.000000000000 0.000000000000 1.000000000000
2 37 57
1.000000000000 0.000000000000 0.000000000000 0.000000000000
0.000000000000 1.000000000000 0.000000000000 0.000000000000
0.000000000000 0.000000000000 1.000000000000 0.000000000000
0.000000000000 0.000000000000 0.000000000000 1.000000000000
2 38 57
0.235695589723 -0.899551040116 -0.367771009204 -0.477847034280
0.694715917599 0.420585013633 -0.583504961541 0.781796832822
0.679571469987 -0.117966828109 0.724062459078 0.708031328194
0.000000000000 0.000000000000 0.000000000000 1.000000000000
2 39 57
0.769514350971 0.436683935498 -0.465998716873 -0.042365872060
0.107388127942 -0.807774751125 -0.579627243513 0.683854005534
-0.629535903366 0.395988752268 -0.668488933678 3.762277642598
0.000000000000 0.000000000000 0.000000000000 1.000000000000
2 40 57
0.149513597742 -0.910698254724 -0.385064115354 -0.520968765901
-0.044387039731 0.382866943877 -0.922736524686 1.212896826293
0.987762863644 0.155053513761 0.016820614620 1.936559572413
0.000000000000 0.000000000000 0.000000000000 1.000000000000
2 41 57
1.000000000000 0.000000000000 0.000000000000 0.000000000000
0.000000000000 1.000000000000 0.000000000000 0.000000000000
0.000000000000 0.000000000000 1.000000000000 0.000000000000
0.000000000000 0.000000000000 0.000000000000 1.000000000000
2 42 57
-0.764785650168 0.452701881288 -0.458436381600 0.769248088196
-0.485785949832 0.062226850732 0.871859983021 -0.458071226166
0.423219706822 0.889487957044 0.172326010898 2.347017453917
0.000000000000 0.000000000000 0.000000000000 1.000000000000
2 43 57
1.000000000000 0.000000000000 0.000000000000 0.000000000000
0.000000000000 1.000000000000 0.000000000000 0.000000000000
0.000000000000 0.000000000000 1.000000000000 0.000000000000
0.000000000000 0.000000000000 0.000000000000 1.000000000000
2 44 57
-0.074427068959 -0.961817767478 0.263376524334 -1.734964270089
0.966637729366 -0.134494613953 -0.217997015998 0.049697313474
0.245096127209 0.238364806509 0.939739382726 0.806201681739
0.000000000000 0.000000000000 0.000000000000 1.000000000000
2 45 57
1.000000000000 0.000000000000 0.000000000000 0.000000000000
0.000000000000 1.000000000000 0.000000000000 0.000000000000
0.000000000000 0.000000000000 1.000000000000 0.000000000000
0.000000000000 0.000000000000 0.000000000000 1.000000000000
2 46 57
1.000000000000 0.000000000000 0.000000000000 0.000000000000
0.000000000000 1.000000000000 0.000000000000 0.000000000000
0.000000000000 0.000000000000 1.000000000000 0.000000000000
0.000000000000 0.000000000000 0.000000000000 1.000000000000
2 47 57
1.000000000000 0.000000000000 0.000000000000 0.000000000000
0.000000000000 1.000000000000 0.000000000000 0.000000000000
0.000000000000 0.000000000000 1.000000000000 0.000000000000
0.000000000000 0.000000000000 0.000000000000 1.000000000000
2 48 57
1.000000000000 0.000000000000 0.000000000000 0.000000000000
0.000000000000 1.000000000000 0.000000000000 0.000000000000
0.000000000000 0.000000000000 1.000000000000 0.000000000000
0.000000000000 0.000000000000 0.000000000000 1.000000000000
2 49 57
0.359332145875 -0.427346521677 0.829611571370 -0.824449577566
0.835463706300 -0.248771722271 -0.490013291303 2.039707984019
0.415789375039 0.869187885678 0.267640832078 1.749882437640
0.000000000000 0.000000000000 0.000000000000 1.000000000000
2 50 57
-0.183067469644 0.857764108261 0.480340541842 -0.812264643940
-0.336121604751 0.404542105026 -0.850510406803 0.630292394676
-0.923855274585 -0.317153621831 0.214254549035 1.255963843990
0.000000000000 0.000000000000 0.000000000000 1.000000000000
2 51 57
1.000000000000 0.000000000000 0.000000000000 0.000000000000
0.000000000000 1.000000000000 0.000000000000 0.000000000000
