0 1 37
0.956990412555 0.039629576843 0.287400151214 -0.148114392694
0.028097311914 0.973309832455 -0.227768547237 0.011551881248
-0.288755764171 0.226047487680 0.930334693523 -0.094337427170
0.000000000000 0.000000000000 0.000000000000 1.000000000000
0 2 37
1.000000000000 0.000000000000 0.000000000000 0.000000000000
0.000000000000 1.000000000000 0.000000000000 0.000000000000
0.000000000000 0.000000000000 1.000000000000 0.000000000000
0.000000000000 0.000000000000 0.000000000000 1.000000000000
0 3 37
-0.973073653771 -0.008161721773 0.230349844007 -0.835449464358
0.186730850219 0.557966004326 0.808582418553 -1.932038662077
-0.135126806788 0.829823670616 -0.541417973264 4.702945250523
0.000000000000 0.000000000000 0.000000000000 1.000000000000
0 4 37
1.000000000000 0.000000000000 0.000000000000 0.000000000000
0.000000000000 1.000000000000 0.000000000000 0.000000000000
0.000000000000 0.000000000000 1.000000000000 0.000000000000
0.000000000000 0.000000000000 0.000000000000 1.000000000000
0 5 37
1.000000000000 0.000000000000 0.000000000000 0.000000000000
0.000000000000 1.000000000000 0.000000000000 0.000000000000
0.000000000000 0.000000000000 1.000000000000 0.000000000000
0.000000000000 0.000000000000 0.000000000000 1.000000000000
0 6 37
0.260587672084 -0.649427709862 0.714379251393 0.039549576430
-0.185817249631 -0.759847135613 -0.622980160390 0.485255556699
0.947399606764 0.029596962063 -0.318681667090 1.433257153933
0.000000000000 0.000000000000 0.000000000000 1.000000000000
0 7 37
-0.088147679750 -0.192458064180 0.977338160560 -1.706087544032
-0.996092017135 0.011574945326 -0.087559774099 0.342712801316
0.005538948850 -0.981236930702 -0.192726245937 2.572648380803
0.000000000000 0.000000000000 0.000000000000 1.000000000000
0 8 37
1.000000000000 0.000000000000 0.000000000000 0.000000000000
0.000000000000 1.000000000000 0.000000000000 0.000000000000
0.000000000000 0.000000000000 1.000000000000 0.000000000000
0.000000000000 0.000000000000 0.000000000000 1.000000000000
0 9 37
0.281700716247 0.224720548154 0.932815834827 -2.765309738938
0.217890935020 0.931805878362 -0.290278048579 0.055300924526
-0.934434720514 0.285023648647 0.213525812982 1.906385487837
0.000000000000 0.000000000000 0.000000000000 1.000000000000
0 10 37
1.000000000000 0.000000000000 0.000000000000 0.000000000000
0.000000000000 1.000000000000 0.000000000000 0.000000000000
0.000000000000 0.000000000000 1.000000000000 0.000000000000
0.000000000000 0.000000000000 0.000000000000 1.000000000000
0 11 37
0.811394140918 0.165983429237 -0.560436481061 -0.808308612984
0.082093517101 0.916965139474 0.390430003252 -0.044746595590
0.578705626839 -0.362800818919 0.730393978108 0.999672896712
0.000000000000 0.000000000000 0.000000000000 1.000000000000
0 12 37
0.997626661045 -0.016589320271 -0.066826937866 -1.003408587583
0.020569644887 0.998027011875 0.059320934567 -0.072545679614
0.065710995129 -0.060554752263 0.995999591916 0.631386639761
0.000000000000 0.000000000000 0.000000000000 1.000000000000
0 13 37
0.987644137960 -0.156649682762 0.004464711002 -0.785270212709
0.155787985823 0.984505461868 0.080492850778 -0.040221454446
-0.017004711906 -0.078802743884 0.996745186760 0.396596905148
0.000000000000 0.000000000000 0.000000000000 1.000000000000
0 14 37
-0.441637496196 -0.381228426784 0.812170676992 -1.764813098078
-0.116720923615 -0.873128066194 -0.473311320397 0.283183188496
0.889568742675 -0.303829338013 0.341108758930 1.653055975282
0.000000000000 0.000000000000 0.000000000000 1.000000000000
0 15 37
1.000000000000 0.000000000000 0.000000000000 0.000000000000
0.000000000000 1.000000000000 0.000000000000 0.000000000000
0.000000000000 0.000000000000 1.000000000000 0.000000000000
0.000000000000 0.000000000000 0.000000000000 1.000000000000
0 16 37
1.000000000000 0.000000000000 0.000000000000 0.000000000000
0.000000000000 1.000000000000 0.000000000000 0.000000000000
0.000000000000 0.000000000000 1.000000000000 0.000000000000
0.000000000000 0.000000000000 0.000000000000 1.000000000000
0 17 37
1.000000000000 0.000000000000 0.000000000000 0.000000000000
0.000000000000 1.000000000000 0.000000000000 0.000000000000
0.000000000000 0.000000000000 1.000000000000 0.000000000000
0.000000000000 0.000000000000 0.000000000000 1.000000000000
0 18 37
-0.940097805273 0.133781771437 -0.313557896012 -0.047266904538
-0.047829279414 0.858923244777 0.509865883947 -1.326219749390
0.337532926618 0.494321046703 -0.801073171586 5.066768966357
0.000000000000 0.000000000000 0.000000000000 1.000000000000
0 19 37
-0.729597413229 -0.168722025698 0.662737121831 -1.937085372048
-0.154408425071 -0.903422406117 -0.399982492608 0.381904043235
0.666217421625 -0.394158387162 0.633082548293 1.710559087888
0.000000000000 0.000000000000 0.000000000000 1.000000000000
0 20 37
1.000000000000 0.000000000000 0.000000000000 0.000000000000
0.000000000000 1.000000000000 0.000000000000 0.000000000000
0.000000000000 0.000000000000 1.000000000000 0.000000000000
0.000000000000 0.000000000000 0.000000000000 1.000000000000
0 21 37
1.000000000000 0.000000000000 0.000000000000 0.000000000000
0.000000000000 1.000000000000 0.000000000000 0.000000000000
0.000000000000 0.000000000000 1.000000000000 0.000000000000
0.000000000000 0.000000000000 0.000000000000 1.000000000000
0 22 37
1.000000000000 0.000000000000 0.000000000000 0.000000000000
0.000000000000 1.000000000000 0.000000000000 0.000000000000
0.000000000000 0.000000000000 1.000000000000 0.000000000000
0.000000000000 0.000000000000 0.000000000000 1.000000000000
0 23 37
-0.891894570765 0.420973052768 -0.165244556593 0.319742342823
-0.055214193215 0.261293366129 0.963678976467 -1.876070661688
0.448860187039 0.868623891946 -0.209802447153 1.699572244887
0.000000000000 0.000000000000 0.000000000000 1.000000000000
0 24 37
1.000000000000 0.000000000000 0.000000000000 0.000000000000
0.000000000000 1.000000000000 0.000000000000 0.000000000000
0.000000000000 0.000000000000 1.000000000000 0.000000000000
0.000000000000 0.000000000000 0.000000000000 1.000000000000
0 25 37
1.000000000000 0.000000000000 0.000000000000 0.000000000000
0.000000000000 1.000000000000 0.000000000000 0.000000000000
0.000000000000 0.000000000000 1.000000000000 0.000000000000
0.000000000000 0.000000000000 0.000000000000 1.000000000000
0 26 37
1.000000000000 0.000000000000 0.000000000000 0.000000000000
0.000000000000 1.000000000000 0.000000000000 0.000000000000
0.000000000000 0.000000000000 1.000000000000 0.000000000000
0.000000000000 0.000000000000 0.000000000000 1.000000000000
0 27 37
1.000000000000 0.000000000000 0.000000000000 0.000000000000
0.000000000000 1.000000000000 0.000000000000 0.000000000000
0.000000000000 0.000000000000 1.000000000000 0.000000000000
0.000000000000 0.000000000000 0.000000000000 1.000000000000
0 28 37
1.000000000000 0.000000000000 0.000000000000 0.000000000000
0.000000000000 1.000000000000 0.000000000000 0.000000000000
0.000000000000 0.000000000000 1.000000000000 0.000000000000
0.000000000000 0.000000000000 0.000000000000 1.000000000000
0 29 37
0.770420241158 0.161255310564 0.616805785340 -0.805331376659
-0.411053056383 0.865176536517 0.287236741207 -0.885000240143
-0.487327443155 -0.474832902689 0.732834004173 1.446215460404
0.000000000000 0.000000000000 0.000000000000 1.000000000000
0 30 37
1.000000000000 0.000000000000 0.000000000000 0.000000000000
0.000000000000 1.000000000000 0.000000000000 0.000000000000
0.000000000000 0.000000000000 1.000000000000 0.000000000000
0.000000000000 0.000000000000 0.000000000000 1.000000000000
0 31 37
1.000000000000 0.000000000000 0.000000000000 0.000000000000
0.000000000000 1.000000000000 0.000000000000 0.000000000000
0.000000000000 0.000000000000 1.000000000000 0.000000000000
0.000000000000 0.000000000000 0.000000000000 1.000000000000
0 32 37
1.000000000000 0.000000000000 0.000000000000 0.000000000000
0.000000000000 1.000000000000 0.000000000000 0.000000000000
0.000000000000 0.000000000000 1.000000000000 0.000000000000
0.000000000000 0.000000000000 0.000000000000 1.000000000000
0 33 37
0.727393594141 0.561920039138 0.393883775772 0.068725902750
-0.594430581524 0.802745201035 -0.047459729928 -0.537999109094
-0.342856884065 -0.199614658355 0.917934172595 0.917647459924
0.000000000000 0.000000000000 0.000000000000 1.000000000000
0 34 37
0.946228085822 -0.207123605456 0.248499942988 -0.305956972360
0.190418654085 0.977591777950 0.089749940727 0.041975514477
-0.261520832400 -0.037604889933 0.964464994945 1.577276605264
0.000000000000 0.000000000000 0.000000000000 1.000000000000
0 35 37
0.947746410178 -0.209013215380 -0.241019123290 -1.029598329436
0.193689777916 0.977296587025 -0.085881609905 -0.519430093842
0.253497558027 0.034711047025 0.966713055301 1.673803539175
0.000000000000 0.000000000000 0.000000000000 1.000000000000
0 36 37
1.000000000000 0.000000000000 0.000000000000 0.000000000000
0.000000000000 1.000000000000 0.000000000000 0.000000000000
0.000000000000 0.000000000000 1.000000000000 0.000000000000
0.000000000000 0.000000000000 0.000000000000 1.000000000000
1 2 37
0.786055667828 -0.244634103468 0.567688860642 -0.358716170678
-0.013608442431 0.911288127884 0.411544357599 0.128556758368
-0.618005903993 -0.331222136032 0.712994108834 0.251751342918
0.000000000000 0.000000000000 0.000000000000 1.000000000000
1 3 37
0.054303365211 -0.366591431745 0.928795923063 -0.506284381225
-0.108842782621 0.922452698575 0.370451437522 0.123811625656
-0.992574628528 -0.121209492458 0.010191454265 0.483719400243
0.000000000000 0.000000000000 0.000000000000 1.000000000000
1 4 37
1.000000000000 0.000000000000 0.000000000000 0.000000000000
0.000000000000 1.000000000000 0.000000000000 0.000000000000
0.000000000000 0.000000000000 1.000000000000 0.000000000000
0.000000000000 0.000000000000 0.000000000000 1.000000000000
1 5 37
-0.930270217427 -0.175410598124 -0.322224214847 0.623252072272
0.231720978386 0.400004030558 -0.886736806337 1.460651171751
0.284434018260 -0.899570951956 -0.331465521062 3.600926530902
0.000000000000 0.000000000000 0.000000000000 1.000000000000
1 6 37
1.000000000000 0.000000000000 0.000000000000 0.000000000000
0.000000000000 1.000000000000 0.000000000000 0.000000000000
0.000000000000 0.000000000000 1.000000000000 0.000000000000
0.000000000000 0.000000000000 0.000000000000 1.000000000000
1 7 37
1.000000000000 0.000000000000 0.000000000000 0.000000000000
0.000000000000 1.000000000000 0.000000000000 0.000000000000
0.000000000000 0.000000000000 1.000000000000 0.000000000000
0.000000000000 0.000000000000 0.000000000000 1.000000000000
1 8 37
-0.700901626314 -0.199277475275 0.684854289670 -0.363217793949
-0.704970360005 0.339495895709 -0.622703242573 2.065703373120
-0.108414490476 -0.919255690570 -0.378437938915 1.983718451944
0.000000000000 0.000000000000 0.000000000000 1.000000000000
1 9 37
0.519444463911 0.244056804390 0.818910083674 -1.360541303826
-0.241111261674 0.961265670436 -0.133542765944 0.114007300301
-0.819782171315 -0.128080393007 0.558168974882 0.632630896056
0.000000000000 0.000000000000 0.000000000000 1.000000000000
1 10 37
0.061802941502 -0.539301957940 0.839841529447 -1.169240395062
0.106600282856 0.840203671930 0.531689918440 -0.029491996831
-0.992379350912 0.056667343667 0.109416799647 0.749977157470
0.000000000000 0.000000000000 0.000000000000 1.000000000000
1 11 37
0.642070822653 0.390094785492 -0.659978118599 -0.996032913078
0.169345960074 0.767433051890 0.618359488222 0.153620192400
0.747707833652 -0.508795213420 0.426685394989 0.808741459223
0.000000000000 0.000000000000 0.000000000000 1.000000000000
1 12 37
0.934898852689 -0.029881033812 -0.353654151763 -0.990972697077
0.134686424965 0.951781078572 0.275630813595 0.030739660670
0.328365196346 -0.305319344770 0.893843607986 0.447463378233
0.000000000000 0.000000000000 0.000000000000 1.000000000000
1 13 37
0.956481274466 -0.084595430376 -0.279261856965 -0.759049084375
0.170974271166 0.938030925343 0.301439515822 0.037037517475
0.236455852528 -0.336067844727 0.911672657013 0.280583184172
0.000000000000 0.000000000000 0.000000000000 1.000000000000
1 14 37
-0.052559724826 -0.680195330298 0.731144163600 -0.801840797183
-0.998570906604 0.042892635768 -0.031880500013 -0.636775034806
-0.009675733066 -0.731774920613 -0.681477692777 4.322218140224
0.000000000000 0.000000000000 0.000000000000 1.000000000000
1 15 37
1.000000000000 0.000000000000 0.000000000000 0.000000000000
0.000000000000 1.000000000000 0.000000000000 0.000000000000
0.000000000000 0.000000000000 1.000000000000 0.000000000000
0.000000000000 0.000000000000 0.000000000000 1.000000000000
1 16 37
-0.433430620590 0.887067225266 0.158901337294 0.524612415377
-0.878169809304 -0.455339230909 0.146574113750 0.343186692885
0.202375105094 -0.076012647984 0.976353621484 0.418481723410
0.000000000000 0.000000000000 0.000000000000 1.000000000000
1 17 37
-0.498730799666 0.145028610605 0.854537472304 -1.207371051974
-0.345911545677 -0.937289972972 -0.042810152229 0.272558799008
0.794740707421 -0.316945119339 0.517622448600 0.464362436880
0.000000000000 0.000000000000 0.000000000000 1.000000000000
1 18 37
1.000000000000 0.000000000000 0.000000000000 0.000000000000
0.000000000000 1.000000000000 0.000000000000 0.000000000000
0.000000000000 0.000000000000 1.000000000000 0.000000000000
0.000000000000 0.000000000000 0.000000000000 1.000000000000
1 19 37
1.000000000000 0.000000000000 0.000000000000 0.000000000000
0.000000000000 1.000000000000 0.000000000000 0.000000000000
0.000000000000 0.000000000000 1.000000000000 0.000000000000
0.000000000000 0.000000000000 0.000000000000 1.000000000000
1 20 37
-0.482259878359 -0.325436704177 -0.813336560902 2.679134122911
-0.840061160491 0.435103072350 0.324010128030 0.096192067569
0.248440448317 0.839509540152 -0.483219490123 2.651202142788
0.000000000000 0.000000000000 0.000000000000 1.000000000000
1 21 37
0.600439685640 -0.755887083417 0.260972989085 -1.441140177719
-0.758984600503 -0.435917912577 0.483650648397 -0.493952044491
-0.251822477368 -0.488477523146 -0.835449070425 4.491707109875
0.000000000000 0.000000000000 0.000000000000 1.000000000000
1 22 37
0.907233345709 -0.040377144538 0.418685254855 0.054859232378
0.388468922825 0.462146769909 -0.797190227651 1.832729659438
-0.161305773094 0.885883767354 0.434960226119 2.830263507456
0.000000000000 0.000000000000 0.000000000000 1.000000000000
1 23 37
0.068177929664 -0.854650990616 0.514707153774 -0.816155650476
-0.122206575684 0.504868536015 0.854501792977 -1.754547797363
-0.990160251053 -0.121158761882 -0.070023079431 1.905824121837
0.000000000000 0.000000000000 0.000000000000 1.000000000000
1 24 37
1.000000000000 0.000000000000 0.000000000000 0.000000000000
0.000000000000 1.000000000000 0.000000000000 0.000000000000
0.000000000000 0.000000000000 1.000000000000 0.000000000000
0.000000000000 0.000000000000 0.000000000000 1.000000000000
1 25 37
1.000000000000 0.000000000000 0.000000000000 0.000000000000
0.000000000000 1.000000000000 0.000000000000 0.000000000000
0.000000000000 0.000000000000 1.000000000000 0.000000000000
0.000000000000 0.000000000000 0.000000000000 1.000000000000
1 26 37
1.000000000000 0.000000000000 0.000000000000 0.000000000000
0.000000000000 1.000000000000 0.000000000000 0.000000000000
0.000000000000 0.000000000000 1.000000000000 0.000000000000
0.000000000000 0.000000000000 0.000000000000 1.000000000000
1 27 37
1.000000000000 0.000000000000 0.000000000000 0.000000000000
0.000000000000 1.000000000000 0.000000000000 0.000000000000
0.000000000000 0.000000000000 1.000000000000 0.000000000000
0.000000000000 0.000000000000 0.000000000000 1.000000000000
1 28 37
1.000000000000 0.000000000000 0.000000000000 0.000000000000
0.000000000000 1.000000000000 0.000000000000 0.000000000000
0.000000000000 0.000000000000 1.000000000000 0.000000000000
0.000000000000 0.000000000000 0.000000000000 1.000000000000
1 29 37
1.000000000000 0.000000000000 0.000000000000 0.000000000000
0.000000000000 1.000000000000 0.000000000000 0.000000000000
0.000000000000 0.000000000000 1.000000000000 0.000000000000
0.000000000000 0.000000000000 0.000000000000 1.000000000000
1 30 37
1.000000000000 0.000000000000 0.000000000000 0.000000000000
0.000000000000 1.000000000000 0.000000000000 0.000000000000
0.000000000000 0.000000000000 1.000000000000 0.000000000000
0.000000000000 0.000000000000 0.000000000000 1.000000000000
1 31 37
-0.738632336414 0.204210696582 0.642433080566 -1.293843545440
0.539599373708 0.750326670590 0.381893183097 0.472326425914
-0.404048001477 0.628735142014 -0.664407505752 3.788465878304
0.000000000000 0.000000000000 0.000000000000 1.000000000000
1 32 37
1.000000000000 0.000000000000 0.000000000000 0.000000000000
0.000000000000 1.000000000000 0.000000000000 0.000000000000
0.000000000000 0.000000000000 1.000000000000 0.000000000000
0.000000000000 0.000000000000 0.000000000000 1.000000000000
1 33 37
1.000000000000 0.000000000000 0.000000000000 0.000000000000
0.000000000000 1.000000000000 0.000000000000 0.000000000000
0.000000000000 0.000000000000 1.000000000000 0.000000000000
0.000000000000 0.000000000000 0.000000000000 1.000000000000
1 34 37
-0.174240174537 0.837804817011 0.517419993979 0.246739389768
0.884286375763 0.364303319235 -0.292097068171 0.510384254708
-0.433218151994 0.406652407084 -0.804335659160 3.760423847637
0.000000000000 0.000000000000 0.000000000000 1.000000000000
1 35 37
0.711762097174 -0.616082374241 -0.337397725504 0.062988504973
0.588099001427 0.785332538991 -0.193371062270 0.157609760708
0.384101915573 -0.060789072638 0.921287364019 1.165225708744
0.000000000000 0.000000000000 0.000000000000 1.000000000000
1 36 37
1.000000000000 0.000000000000 0.000000000000 0.000000000000
0.000000000000 1.000000000000 0.000000000000 0.000000000000
0.000000000000 0.000000000000 1.000000000000 0.000000000000
0.000000000000 0.000000000000 0.000000000000 1.000000000000
2 3 37
0.662982783563 -0.291950642417 0.689361045528 -0.228299654398
0.294893236273 0.948219880221 0.117970496117 0.013977375391
-0.688107410148 0.125075501782 0.714747725393 0.046128480007
0.000000000000 0.000000000000 0.000000000000 1.000000000000
2 4 37
-0.750535406389 0.603881012493 -0.268373483241 0.395941341839
0.632341986686 0.774244681185 -0.026244723872 0.144196990339
0.191938051546 -0.189401416063 -0.962957365599 3.833624151417
0.000000000000 0.000000000000 0.000000000000 1.000000000000
2 5 37
-0.186721390504 -0.345833670566 0.919529333209 -0.793630143794
0.410259763027 0.823018961260 0.392844391900 -0.065110717285
-0.892648894678 0.450598337446 -0.011793605125 0.527058941084
0.000000000000 0.000000000000 0.000000000000 1.000000000000
2 6 37
1.000000000000 0.000000000000 0.000000000000 0.000000000000
0.000000000000 1.000000000000 0.000000000000 0.000000000000
0.000000000000 0.000000000000 1.000000000000 0.000000000000
0.000000000000 0.000000000000 0.000000000000 1.000000000000
2 7 37
1.000000000000 0.000000000000 0.000000000000 0.000000000000
0.000000000000 1.000000000000 0.000000000000 0.000000000000
0.000000000000 0.000000000000 1.000000000000 0.000000000000
0.000000000000 0.000000000000 0.000000000000 1.000000000000
2 8 37
0.792639571738 -0.488596798719 -0.364685724421 1.666599504356
-0.604216248269 -0.709481198240 -0.362710841679 0.399435955180
-0.081518308638 0.507848006420 -0.857580997767 3.470389056791
0.000000000000 0.000000000000 0.000000000000 1.000000000000
2 9 37
-0.421036704445 0.655106267196 -0.627346692182 1.289577045138
-0.462409988181 -0.750037803939 -0.472885076411 1.665977382373
-0.780323712533 0.090989402364 0.618721126451 0.569742701316
0.000000000000 0.000000000000 0.000000000000 1.000000000000
2 10 37
1.000000000000 0.000000000000 0.000000000000 0.000000000000
0.000000000000 1.000000000000 0.000000000000 0.000000000000
0.000000000000 0.000000000000 1.000000000000 0.000000000000
0.000000000000 0.000000000000 0.000000000000 1.000000000000
2 11 37
1.000000000000 0.000000000000 0.000000000000 0.000000000000
0.000000000000 1.000000000000 0.000000000000 0.000000000000
0.000000000000 0.000000000000 1.000000000000 0.000000000000
0.000000000000 0.000000000000 0.000000000000 1.000000000000
2 12 37
0.495306263931 0.107516782195 -0.862039353195 2.704741252532
0.829950610737 0.234563372639 0.506124498472 -1.534738406533
0.256619735499 -0.966136722086 0.026947088709 2.389618524692
0.000000000000 0.000000000000 0.000000000000 1.000000000000
2 13 37
0.888583850091 -0.280851028751 -0.362686422419 1.390528775928
-0.401798386453 -0.857992643848 -0.320010436935 1.383162326899
-0.221307022034 0.430082925437 -0.875243897006 3.564283236996
0.000000000000 0.000000000000 0.000000000000 1.000000000000
2 14 37
0.985284620695 0.163553391688 0.049643773914 1.095558947056
-0.169721045069 0.970552782178 0.170944622223 -0.455828697005
-0.020223330134 -0.176854700457 0.984029182415 0.063523734286
0.000000000000 0.000000000000 0.000000000000 1.000000000000
2 15 37
0.452993334797 -0.157946577055 0.877410917089 -0.314272673147
0.610207374088 0.772447355939 -0.175988757915 0.878753623662
-0.649956921064 0.615124346047 0.446293669752 0.890218570818
0.000000000000 0.000000000000 0.000000000000 1.000000000000
2 16 37
-0.273541225525 -0.956969929880 0.096869764340 0.167400414869
-0.199682909794 -0.042018085283 -0.978959251473 2.857789354328
0.940904848258 -0.287128949801 -0.179596861641 1.036141244925
0.000000000000 0.000000000000 0.000000000000 1.000000000000
2 17 37
-0.520393835297 -0.173078899694 0.836202099175 -1.651128849431
-0.850992518927 0.024010239222 -0.524628669768 0.638468343527
0.070724740472 -0.984615256277 -0.159783629299 1.347105058784
0.000000000000 0.000000000000 0.000000000000 1.000000000000
2 18 37
1.000000000000 0.000000000000 0.000000000000 0.000000000000
0.000000000000 1.000000000000 0.000000000000 0.000000000000
0.000000000000 0.000000000000 1.000000000000 0.000000000000
0.000000000000 0.000000000000 0.000000000000 1.000000000000
2 19 37
0.264379893077 -0.964269557406 0.016955612523 1.254140968852
-0.833748072973 -0.219686713818 0.506558879682 -0.963951627903
-0.484734383916 -0.148060691715 -0.862038635224 3.030719000355
0.000000000000 0.000000000000 0.000000000000 1.000000000000
2 20 37
1.000000000000 0.000000000000 0.000000000000 0.000000000000
0.000000000000 1.000000000000 0.000000000000 0.000000000000
0.000000000000 0.000000000000 1.000000000000 0.000000000000
0.000000000000 0.000000000000 0.000000000000 1.000000000000
2 21 37
1.000000000000 0.000000000000 0.000000000000 0.000000000000
0.000000000000 1.000000000000 0.000000000000 0.000000000000
0.000000000000 0.000000000000 1.000000000000 0.000000000000
0.000000000000 0.000000000000 0.000000000000 1.000000000000
2 22 37
1.000000000000 0.000000000000 0.000000000000 0.000000000000
0.000000000000 1.000000000000 0.000000000000 0.000000000000
0.000000000000 0.000000000000 1.000000000000 0.000000000000
0.000000000000 0.000000000000 0.000000000000 1.000000000000
2 23 37
1.000000000000 0.000000000000 0.000000000000 0.000000000000
0.000000000000 1.000000000000 0.000000000000 0.000000000000
0.000000000000 0.000000000000 1.000000000000 0.000000000000
0.000000000000 0.000000000000 0.000000000000 1.000000000000
2 24 37
1.000000000000 0.000000000000 0.000000000000 0.000000000000
0.000000000000 1.000000000000 0.000000000000 0.000000000000
0.000000000000 0.000000000000 1.000000000000 0.000000000000
0.000000000000 0.000000000000 0.000000000000 1.000000000000
2 25 37
1.000000000000 0.000000000000 0.000000000000 0.000000000000
0.000000000000 1.000000000000 0.000000000000 0.000000000000
0.000000000000 0.000000000000 1.000000000000 0.000000000000
0.000000000000 0.000000000000 0.000000000000 1.000000000000
2 26 37
1.000000000000 0.000000000000 0.000000000000 0.000000000000
0.000000000000 1.000000000000 0.000000000000 0.000000000000
0.000000000000 0.000000000000 1.000000000000 0.000000000000
0.000000000000 0.000000000000 0.000000000000 1.000000000000
2 27 37
-0.841673573156 0.494390750044 0.217171320671 -0.265873673867
-0.467246992541 -0.465199839462 -0.751843971397 0.778752706638
-0.270676641423 -0.734279848311 0.622549002210 1.781047321066
0.000000000000 0.000000000000 0.000000000000 1.000000000000
2 28 37
-0.783586887144 0.613440478144 -0.098399034901 -0.425431464414
-0.529514489531 -0.742259453857 -0.410688822025 0.533198923309
-0.324970761257 -0.269706660899 0.906450396544 0.922744596502
0.000000000000 0.000000000000 0.000000000000 1.000000000000
2 29 37
1.000000000000 0.000000000000 0.000000000000 0.000000000000
0.000000000000 1.000000000000 0.000000000000 0.000000000000
0.000000000000 0.000000000000 1.000000000000 0.000000000000
0.000000000000 0.000000000000 0.000000000000 1.000000000000
2 30 37
1.000000000000 0.000000000000 0.000000000000 0.000000000000
0.000000000000 1.000000000000 0.000000000000 0.000000000000
0.000000000000 0.000000000000 1.000000000000 0.000000000000
0.000000000000 0.000000000000 0.000000000000 1.000000000000
2 31 37
0.571252523009 -0.722592612406 -0.389269150399 0.846245457410
0.513378959463 -0.055478253452 0.856366864944 -1.451873901736
-0.640400342705 -0.689044323603 0.339271751216 1.125520631667
0.000000000000 0.000000000000 0.000000000000 1.000000000000
2 32 37
0.367623896935 -0.929869259023 0.013993981768 0.179002697241
0.774238786277 0.297690110504 -0.558511324802 0.728718878777
0.515176641771 0.216156793165 0.829378845005 1.166056917373
0.000000000000 0.000000000000 0.000000000000 1.000000000000
2 33 37
1.000000000000 0.000000000000 0.000000000000 0.000000000000
0.000000000000 1.000000000000 0.000000000000 0.000000000000
0.000000000000 0.000000000000 1.000000000000 0.000000000000
0.000000000000 0.000000000000 0.000000000000 1.000000000000
2 34 37
-0.217106465921 0.967917986169 0.126489345426 0.676648220338
-0.409125139128 -0.207876581212 0.888484072743 -1.224670078631
0.886273887119 0.141145666014 0.441130930650 1.401233387944
0.000000000000 0.000000000000 0.000000000000 1.000000000000
2 35 37
-0.361936530578 -0.717636793879 -0.594978470119 1.145512163210
0.690285128072 -0.635270010000 0.346321319524 -0.599764184722
-0.626504900057 -0.285358452593 0.725301429571 1.390050046135
0.000000000000 0.000000000000 0.000000000000 1.000000000000
2 36 37
1.000000000000 0.000000000000 0.000000000000 0.000000000000
0.000000000000 1.000000000000 0.000000000000 0.000000000000
0.000000000000 0.000000000000 1.000000000000 0.000000000000
0.000000000000 0.000000000000 0.000000000000 1.000000000000
3 4 37
0.872500004957 0.100040070955 0.478263238765 -0.242706146799
0.137026544196 0.889440697525 -0.436026342979 0.064135214785
-0.469006894978 0.445967745234 0.762328867795 -0.209328954707
0.000000000000 0.000000000000 0.000000000000 1.000000000000
3 5 37
0.772912117198 -0.236876425298 0.588639463702 -0.267654655372
0.239957614694 0.967925854249 0.074430395852 0.083837295954
-0.587390161851 0.083720366783 0.804961923290 -0.172589564845
0.000000000000 0.000000000000 0.000000000000 1.000000000000
3 6 37
1.000000000000 0.000000000000 0.000000000000 0.000000000000
0.000000000000 1.000000000000 0.000000000000 0.000000000000
0.000000000000 0.000000000000 1.000000000000 0.000000000000
0.000000000000 0.000000000000 0.000000000000 1.000000000000
3 7 37
1.000000000000 0.000000000000 0.000000000000 0.000000000000
0.000000000000 1.000000000000 0.000000000000 0.000000000000
0.000000000000 0.000000000000 1.000000000000 0.000000000000
0.000000000000 0.000000000000 0.000000000000 1.000000000000
3 8 37
1.000000000000 0.000000000000 0.000000000000 0.000000000000
0.000000000000 1.000000000000 0.000000000000 0.000000000000
0.000000000000 0.000000000000 1.000000000000 0.000000000000
0.000000000000 0.000000000000 0.000000000000 1.000000000000
3 9 37
1.000000000000 0.000000000000 0.000000000000 0.000000000000
0.000000000000 1.000000000000 0.000000000000 0.000000000000
0.000000000000 0.000000000000 1.000000000000 0.000000000000
0.000000000000 0.000000000000 0.000000000000 1.000000000000
3 10 37
1.000000000000 0.000000000000 0.000000000000 0.000000000000
0.000000000000 1.000000000000 0.000000000000 0.000000000000
0.000000000000 0.000000000000 1.000000000000 0.000000000000
0.000000000000 0.000000000000 0.000000000000 1.000000000000
3 11 37
1.000000000000 0.000000000000 0.000000000000 0.000000000000
0.000000000000 1.000000000000 0.000000000000 0.000000000000
0.000000000000 0.000000000000 1.000000000000 0.000000000000
0.000000000000 0.000000000000 0.000000000000 1.000000000000
3 12 37
-0.341524732620 0.934821754388 0.097309529505 -0.883451647575
0.794911256610 0.232055639814 0.560594571991 -1.945300292253
0.501474776159 0.268809351686 -0.822353075827 3.865266418615
0.000000000000 0.000000000000 0.000000000000 1.000000000000
3 13 37
0.880809637945 -0.358642264508 -0.309111804710 2.255820671971
0.412377351898 0.260323143041 0.873027365458 -2.466223622737
-0.232635554772 -0.896441625152 0.377191080687 1.274292857552
0.000000000000 0.000000000000 0.000000000000 1.000000000000
3 14 37
1.000000000000 0.000000000000 0.000000000000 0.000000000000
0.000000000000 1.000000000000 0.000000000000 0.000000000000
0.000000000000 0.000000000000 1.000000000000 0.000000000000
0.000000000000 0.000000000000 0.000000000000 1.000000000000
3 15 37
1.000000000000 0.000000000000 0.000000000000 0.000000000000
0.000000000000 1.000000000000 0.000000000000 0.000000000000
0.000000000000 0.000000000000 1.000000000000 0.000000000000
0.000000000000 0.000000000000 0.000000000000 1.000000000000
3 16 37
1.000000000000 0.000000000000 0.000000000000 0.000000000000
0.000000000000 1.000000000000 0.000000000000 0.000000000000
0.000000000000 0.000000000000 1.000000000000 0.000000000000
0.000000000000 0.000000000000 0.000000000000 1.000000000000
3 17 37
1.000000000000 0.000000000000 0.000000000000 0.000000000000
0.000000000000 1.000000000000 0.000000000000 0.000000000000
0.000000000000 0.000000000000 1.000000000000 0.000000000000
0.000000000000 0.000000000000 0.000000000000 1.000000000000
3 18 37
1.000000000000 0.000000000000 0.000000000000 0.000000000000
0.000000000000 1.000000000000 0.000000000000 0.000000000000
0.000000000000 0.000000000000 1.000000000000 0.000000000000
0.000000000000 0.000000000000 0.000000000000 1.000000000000
3 19 37
0.109090375639 0.756076942261 0.645327008054 -1.387744653812
-0.984171252475 0.173367770648 -0.036749991859 -0.439639291211
-0.139664726198 -0.631103219356 0.763021946457 1.153272349710
0.000000000000 0.000000000000 0.000000000000 1.000000000000
3 20 37
1.000000000000 0.000000000000 0.000000000000 0.000000000000
0.000000000000 1.000000000000 0.000000000000 0.000000000000
0.000000000000 0.000000000000 1.000000000000 0.000000000000
0.000000000000 0.000000000000 0.000000000000 1.000000000000
3 21 37
1.000000000000 0.000000000000 0.000000000000 0.000000000000
0.000000000000 1.000000000000 0.000000000000 0.000000000000
0.000000000000 0.000000000000 1.000000000000 0.000000000000
0.000000000000 0.000000000000 0.000000000000 1.000000000000
3 22 37
0.664674742475 -0.243528179382 0.706329606177 -0.912518077679
0.356091991621 0.934361263702 -0.012943044315 -0.106762370936
-0.656815027400 0.260121230852 0.707764766742 0.334396847860
0.000000000000 0.000000000000 0.000000000000 1.000000000000
3 23 37
1.000000000000 0.000000000000 0.000000000000 0.000000000000
0.000000000000 1.000000000000 0.000000000000 0.000000000000
0.000000000000 0.000000000000 1.000000000000 0.000000000000
0.000000000000 0.000000000000 0.000000000000 1.000000000000
3 24 37
1.000000000000 0.000000000000 0.000000000000 0.000000000000
0.000000000000 1.000000000000 0.000000000000 0.000000000000
0.000000000000 0.000000000000 1.000000000000 0.000000000000
0.000000000000 0.000000000000 0.000000000000 1.000000000000
3 25 37
1.000000000000 0.000000000000 0.000000000000 0.000000000000
0.000000000000 1.000000000000 0.000000000000 0.000000000000
0.000000000000 0.000000000000 1.000000000000 0.000000000000
0.000000000000 0.000000000000 0.000000000000 1.000000000000
3 26 37
1.000000000000 0.000000000000 0.000000000000 0.000000000000
0.000000000000 1.000000000000 0.000000000000 0.000000000000
0.000000000000 0.000000000000 1.000000000000 0.000000000000
0.000000000000 0.000000000000 0.000000000000 1.000000000000
3 27 37
1.000000000000 0.000000000000 0.000000000000 0.000000000000
0.000000000000 1.000000000000 0.000000000000 0.000000000000
0.000000000000 0.000000000000 1.000000000000 0.000000000000
0.000000000000 0.000000000000 0.000000000000 1.000000000000
3 28 37
1.000000000000 0.000000000000 0.000000000000 0.000000000000
0.000000000000 1.000000000000 0.000000000000 0.000000000000
0.000000000000 0.000000000000 1.000000000000 0.000000000000
0.000000000000 0.000000000000 0.000000000000 1.000000000000
3 29 37
0.774461242215 -0.550117766102 0.312378340679 -0.504313852829
0.580891608665 0.813952945687 -0.006748421291 -0.294228408099
-0.250548844119 0.186684347565 0.949933803528 1.158247480779
0.000000000000 0.000000000000 0.000000000000 1.000000000000
3 30 37
1.000000000000 0.000000000000 0.000000000000 0.000000000000
0.000000000000 1.000000000000 0.000000000000 0.000000000000
0.000000000000 0.000000000000 1.000000000000 0.000000000000
0.000000000000 0.000000000000 0.000000000000 1.000000000000
3 31 37
-0.430188939337 -0.876345057613 0.216695215614 0.640023156276
0.316266434744 -0.371134997284 -0.873060339292 1.594329120807
0.845525291595 -0.307047478069 0.436816697809 1.496172826106
0.000000000000 0.000000000000 0.000000000000 1.000000000000
3 32 37
-0.996763703020 -0.029723147665 -0.074690393189 -0.211439313957
0.074366969265 -0.693745518001 -0.716370511771 0.180871030601
-0.030523339008 -0.719606622222 0.693710771885 1.106956206236
0.000000000000 0.000000000000 0.000000000000 1.000000000000
3 33 37
1.000000000000 0.000000000000 0.000000000000 0.000000000000
0.000000000000 1.000000000000 0.000000000000 0.000000000000
0.000000000000 0.000000000000 1.000000000000 0.000000000000
0.000000000000 0.000000000000 0.000000000000 1.000000000000
3 34 37
1.000000000000 0.000000000000 0.000000000000 0.000000000000
0.000000000000 1.000000000000 0.000000000000 0.000000000000
0.000000000000 0.000000000000 1.000000000000 0.000000000000
0.000000000000 0.000000000000 0.000000000000 1.000000000000
3 35 37
1.000000000000 0.000000000000 0.000000000000 0.000000000000
0.000000000000 1.000000000000 0.000000000000 0.000000000000
0.000000000000 0.000000000000 1.000000000000 0.000000000000
0.000000000000 0.000000000000 0.000000000000 1.000000000000
3 36 37
1.000000000000 0.000000000000 0.000000000000 0.000000000000
0.000000000000 1.000000000000 0.000000000000 0.000000000000
0.000000000000 0.000000000000 1.000000000000 0.000000000000
0.000000000000 0.000000000000 0.000000000000 1.000000000000
4 5 37
0.980296199043 -0.134348697928 0.144809493845 -0.039642045029
0.051386398405 0.881293511369 0.469767160281 0.082309473466
-0.190732273623 -0.453069723314 0.870832375153 -0.019010626353
0.000000000000 0.000000000000 0.000000000000 1.000000000000
4 6 37
0.665417977032 -0.466742970369 0.582554645895 0.063135442222
0.095322832100 0.827152938494 0.553833525549 0.107541354057
-0.740359691990 -0.313000025484 0.594893696827 -0.008435379477
0.000000000000 0.000000000000 0.000000000000 1.000000000000
4 7 37
1.000000000000 0.000000000000 0.000000000000 0.000000000000
0.000000000000 1.000000000000 0.000000000000 0.000000000000
0.000000000000 0.000000000000 1.000000000000 0.000000000000
0.000000000000 0.000000000000 0.000000000000 1.000000000000
4 8 37
-0.761852888715 0.255454854588 -0.595250361801 3.250406104910
-0.031182925163 -0.932349155932 -0.360211988433 0.381889215465
-0.646999073520 -0.255866896452 0.718278727351 0.677432495919
0.000000000000 0.000000000000 0.000000000000 1.000000000000
4 9 37
0.188785982777 -0.935274381550 -0.299368809203 0.944103765046
-0.255100404712 -0.341091939894 0.904754150062 -0.484979613570
-0.948305666029 -0.094435797005 -0.302982250340 2.436358153796
0.000000000000 0.000000000000 0.000000000000 1.000000000000
4 10 37
0.155632716663 0.661279594904 -0.733817248957 3.176057103258
-0.165696797107 -0.714867235864 -0.679344836233 1.137659989718
-0.973818786496 0.227319450228 -0.001684819103 1.415286957709
0.000000000000 0.000000000000 0.000000000000 1.000000000000
4 11 37
-0.455044475789 -0.266820409845 0.849553643948 -1.558327877971
-0.386613331519 0.918639255316 0.081437402243 1.384511073919
-0.802162487870 -0.291391124578 -0.521178045941 4.110211905900
0.000000000000 0.000000000000 0.000000000000 1.000000000000
4 12 37
-0.513339998334 0.528981658488 -0.675766565534 0.590149084747
0.067966725820 -0.759903281284 -0.646473145054 2.860897333665
-0.855489666970 -0.377790164083 0.354135597802 2.272491871197
0.000000000000 0.000000000000 0.000000000000 1.000000000000
4 13 37
1.000000000000 0.000000000000 0.000000000000 0.000000000000
0.000000000000 1.000000000000 0.000000000000 0.000000000000
0.000000000000 0.000000000000 1.000000000000 0.000000000000
0.000000000000 0.000000000000 0.000000000000 1.000000000000
4 14 37
1.000000000000 0.000000000000 0.000000000000 0.000000000000
0.000000000000 1.000000000000 0.000000000000 0.000000000000
0.000000000000 0.000000000000 1.000000000000 0.000000000000
0.000000000000 0.000000000000 0.000000000000 1.000000000000
4 15 37
1.000000000000 0.000000000000 0.000000000000 0.000000000000
0.000000000000 1.000000000000 0.000000000000 0.000000000000
0.000000000000 0.000000000000 1.000000000000 0.000000000000
0.000000000000 0.000000000000 0.000000000000 1.000000000000
4 16 37
-0.980104153625 0.063177204131 0.188160806028 0.516155354700
0.000450247072 -0.947280284053 0.320405775107 -0.888629400744
0.198483362841 0.314115749880 0.928404895696 -0.149663670159
0.000000000000 0.000000000000 0.000000000000 1.000000000000
4 17 37
-0.257656197173 -0.681403155402 0.685056949359 -1.984159579884
-0.203661962845 -0.654767573207 -0.727874460306 0.950292750878
0.944529030231 -0.327061408429 0.029929018827 1.673892332496
0.000000000000 0.000000000000 0.000000000000 1.000000000000
4 18 37
0.936008566560 0.233881985437 -0.263034560875 0.649558257566
-0.213458935607 0.971386500460 0.104132365443 0.061171399809
0.279862905966 -0.041321708718 0.959150285541 0.172393671866
0.000000000000 0.000000000000 0.000000000000 1.000000000000
4 19 37
1.000000000000 0.000000000000 0.000000000000 0.000000000000
0.000000000000 1.000000000000 0.000000000000 0.000000000000
0.000000000000 0.000000000000 1.000000000000 0.000000000000
0.000000000000 0.000000000000 0.000000000000 1.000000000000
4 20 37
1.000000000000 0.000000000000 0.000000000000 0.000000000000
0.000000000000 1.000000000000 0.000000000000 0.000000000000
0.000000000000 0.000000000000 1.000000000000 0.000000000000
0.000000000000 0.000000000000 0.000000000000 1.000000000000
4 21 37
0.329210582360 0.111527521626 -0.937647057470 1.586129169380
-0.818612550471 -0.461216353432 -0.342276156836 0.212564562747
-0.470631368136 0.880250582077 -0.060539475382 2.682829599081
0.000000000000 0.000000000000 0.000000000000 1.000000000000
4 22 37
-0.481363421587 -0.285181942152 0.828830812789 -1.389365688484
-0.169390946294 -0.897499490453 -0.407187146102 -1.393502382330
0.859997653294 -0.336401433570 0.383716186550 0.894375689263
0.000000000000 0.000000000000 0.000000000000 1.000000000000
4 23 37
-0.770221872512 0.097802616889 -0.630232429531 1.976455165265
0.099753741990 0.994483931877 0.032417590858 -0.749585513203
0.629926549736 -0.037899305637 -0.775729453205 3.452590025964
0.000000000000 0.000000000000 0.000000000000 1.000000000000
4 24 37
1.000000000000 0.000000000000 0.000000000000 0.000000000000
0.000000000000 1.000000000000 0.000000000000 0.000000000000
0.000000000000 0.000000000000 1.000000000000 0.000000000000
0.000000000000 0.000000000000 0.000000000000 1.000000000000
4 25 37
1.000000000000 0.000000000000 0.000000000000 0.000000000000
0.000000000000 1.000000000000 0.000000000000 0.000000000000
0.000000000000 0.000000000000 1.000000000000 0.000000000000
0.000000000000 0.000000000000 0.000000000000 1.000000000000
4 26 37
0.984124111040 -0.056739837328 0.168167550169 0.511650913136
0.025579082730 0.982972164090 0.181965477907 -0.273882276096
-0.175628712335 -0.174775042507 0.968817960156 1.346599746346
