0 1 66
0.983731970689 -0.059997854053 0.169327101651 -0.447751709059
0.057920831801 0.998173278914 0.017183786105 -0.001961773163
-0.170048778555 -0.007096673195 0.985410092368 0.096177203771
0.000000000000 0.000000000000 0.000000000000 1.000000000000
0 2 66
0.860268715787 -0.013471817022 0.509662875619 -0.645120631404
0.068520692876 0.993636688210 -0.089392653449 0.043308018189
-0.505215450363 0.111824156554 0.855717655962 0.107377929191
0.000000000000 0.000000000000 0.000000000000 1.000000000000
0 3 66
0.520879542776 -0.178621818382 0.834732740412 -0.749050333351
0.266053272702 0.963124865777 0.040076788887 0.043323452583
-0.811110447474 0.201208197946 0.549194959078 0.167685916425
0.000000000000 0.000000000000 0.000000000000 1.000000000000
0 4 66
1.000000000000 0.000000000000 0.000000000000 0.000000000000
0.000000000000 1.000000000000 0.000000000000 0.000000000000
0.000000000000 0.000000000000 1.000000000000 0.000000000000
0.000000000000 0.000000000000 0.000000000000 1.000000000000
0 5 66
0.464338188670 -0.009865758421 0.885603022439 -0.742657905369
0.251965386636 0.960089546880 -0.121414603362 0.086140683133
-0.849060357383 0.279518744959 0.448292070794 -0.037173573361
0.000000000000 0.000000000000 0.000000000000 1.000000000000
0 6 66
0.715243495102 -0.147948103320 0.683035944470 -0.812490646354
0.247644878089 0.967573107041 -0.049742304798 0.092364625753
-0.653527931362 0.204728213137 0.728688960857 0.186348781156
0.000000000000 0.000000000000 0.000000000000 1.000000000000
0 7 66
0.694596636485 0.001963255861 0.719396732138 -0.753829744173
0.052228096721 0.997219837168 -0.053149057113 -0.019227148238
-0.717501037279 0.074489878410 0.692563007616 0.461121401919
0.000000000000 0.000000000000 0.000000000000 1.000000000000
0 8 66
0.764787262244 -0.115755518489 0.633798945604 -0.732629073963
0.158312766821 0.987330953258 -0.010707782251 -0.242926442253
-0.624529832251 0.108527640159 0.773423713077 1.000845915317
0.000000000000 0.000000000000 0.000000000000 1.000000000000
0 9 66
1.000000000000 0.000000000000 0.000000000000 0.000000000000
0.000000000000 1.000000000000 0.000000000000 0.000000000000
0.000000000000 0.000000000000 1.000000000000 0.000000000000
0.000000000000 0.000000000000 0.000000000000 1.000000000000
0 10 66
1.000000000000 0.000000000000 0.000000000000 0.000000000000
0.000000000000 1.000000000000 0.000000000000 0.000000000000
0.000000000000 0.000000000000 1.000000000000 0.000000000000
0.000000000000 0.000000000000 0.000000000000 1.000000000000
0 11 66
1.000000000000 0.000000000000 0.000000000000 0.000000000000
0.000000000000 1.000000000000 0.000000000000 0.000000000000
0.000000000000 0.000000000000 1.000000000000 0.000000000000
0.000000000000 0.000000000000 0.000000000000 1.000000000000
0 12 66
1.000000000000 0.000000000000 0.000000000000 0.000000000000
0.000000000000 1.000000000000 0.000000000000 0.000000000000
0.000000000000 0.000000000000 1.000000000000 0.000000000000
0.000000000000 0.000000000000 0.000000000000 1.000000000000
0 13 66
1.000000000000 0.000000000000 0.000000000000 0.000000000000
0.000000000000 1.000000000000 0.000000000000 0.000000000000
0.000000000000 0.000000000000 1.000000000000 0.000000000000
0.000000000000 0.000000000000 0.000000000000 1.000000000000
0 14 66
1.000000000000 0.000000000000 0.000000000000 0.000000000000
0.000000000000 1.000000000000 0.000000000000 0.000000000000
0.000000000000 0.000000000000 1.000000000000 0.000000000000
0.000000000000 0.000000000000 0.000000000000 1.000000000000
0 15 66
0.982472809908 -0.185937217704 -0.013210937282 -0.246727202210
0.132155226697 0.744768946509 -0.654105658417 2.365450259214
0.131461682052 0.640895129790 0.756287814766 -0.208452478521
0.000000000000 0.000000000000 0.000000000000 1.000000000000
0 16 66
1.000000000000 0.000000000000 0.000000000000 0.000000000000
0.000000000000 1.000000000000 0.000000000000 0.000000000000
0.000000000000 0.000000000000 1.000000000000 0.000000000000
0.000000000000 0.000000000000 0.000000000000 1.000000000000
0 17 66
1.000000000000 0.000000000000 0.000000000000 0.000000000000
0.000000000000 1.000000000000 0.000000000000 0.000000000000
0.000000000000 0.000000000000 1.000000000000 0.000000000000
0.000000000000 0.000000000000 0.000000000000 1.000000000000
0 18 66
0.844055710349 -0.360964165657 0.396578906322 1.112121115357
0.412055299447 0.909848101972 -0.048855516937 0.555069119795
-0.343191474291 0.204649218052 0.916699683389 -0.672230999215
0.000000000000 0.000000000000 0.000000000000 1.000000000000
0 19 66
1.000000000000 0.000000000000 0.000000000000 0.000000000000
0.000000000000 1.000000000000 0.000000000000 0.000000000000
0.000000000000 0.000000000000 1.000000000000 0.000000000000
0.000000000000 0.000000000000 0.000000000000 1.000000000000
0 20 66
0.435387784896 0.218894152894 -0.873225530200 3.459148300954
-0.315199201033 0.945656666511 0.079893258491 0.134971157147
0.843259711140 0.240455440598 0.480722623407 0.343223352431
0.000000000000 0.000000000000 0.000000000000 1.000000000000
0 21 66
-0.398150494866 0.408887107684 -0.821150118192 1.043235834375
-0.199136369580 0.835288347857 0.512482275054 -0.864228534076
0.895444520754 0.367565924840 -0.251146174863 2.617572176354
0.000000000000 0.000000000000 0.000000000000 1.000000000000
0 22 66
0.847513692240 0.177498022500 -0.500214947272 1.012045700881
-0.165287694730 0.983824732451 0.069057032866 -0.239608962882
0.504381323441 0.024152594604 0.863143170475 0.442285191807
0.000000000000 0.000000000000 0.000000000000 1.000000000000
0 23 66
1.000000000000 0.000000000000 0.000000000000 0.000000000000
0.000000000000 1.000000000000 0.000000000000 0.000000000000
0.000000000000 0.000000000000 1.000000000000 0.000000000000
0.000000000000 0.000000000000 0.000000000000 1.000000000000
0 24 66
1.000000000000 0.000000000000 0.000000000000 0.000000000000
0.000000000000 1.000000000000 0.000000000000 0.000000000000
0.000000000000 0.000000000000 1.000000000000 0.000000000000
0.000000000000 0.000000000000 0.000000000000 1.000000000000
0 25 66
1.000000000000 0.000000000000 0.000000000000 0.000000000000
0.000000000000 1.000000000000 0.000000000000 0.000000000000
0.000000000000 0.000000000000 1.000000000000 0.000000000000
0.000000000000 0.000000000000 0.000000000000 1.000000000000
0 26 66
1.000000000000 0.000000000000 0.000000000000 0.000000000000
0.000000000000 1.000000000000 0.000000000000 0.000000000000
0.000000000000 0.000000000000 1.000000000000 0.000000000000
0.000000000000 0.000000000000 0.000000000000 1.000000000000
0 27 66
0.139705699234 -0.323928790145 0.935709600526 -1.626985679478
0.462393128948 0.856958389943 0.227628891420 -0.163541699153
-0.875599744120 0.400864636532 0.269504417913 0.917201662453
0.000000000000 0.000000000000 0.000000000000 1.000000000000
0 28 66
1.000000000000 0.000000000000 0.000000000000 0.000000000000
0.000000000000 1.000000000000 0.000000000000 0.000000000000
0.000000000000 0.000000000000 1.000000000000 0.000000000000
0.000000000000 0.000000000000 0.000000000000 1.000000000000
0 29 66
0.896820825802 -0.253183217800 0.362781841652 0.613810616601
0.157122867353 0.948868186660 0.273791104491 -0.239400163397
-0.413551461082 -0.188540241243 0.890745623884 0.799274192056
0.000000000000 0.000000000000 0.000000000000 1.000000000000
0 30 66
0.973194184632 -0.093791060703 0.209991228223 0.253141712359
0.021770488360 0.946534111809 0.321868328698 -0.230458721428
-0.228952232649 -0.308668774116 0.923203370364 0.703164159031
0.000000000000 0.000000000000 0.000000000000 1.000000000000
0 31 66
1.000000000000 0.000000000000 0.000000000000 0.000000000000
0.000000000000 1.000000000000 0.000000000000 0.000000000000
0.000000000000 0.000000000000 1.000000000000 0.000000000000
0.000000000000 0.000000000000 0.000000000000 1.000000000000
0 32 66
1.000000000000 0.000000000000 0.000000000000 0.000000000000
0.000000000000 1.000000000000 0.000000000000 0.000000000000
0.000000000000 0.000000000000 1.000000000000 0.000000000000
0.000000000000 0.000000000000 0.000000000000 1.000000000000
0 33 66
0.146317886124 -0.382818461964 0.912162869985 -0.798804423672
0.272909212482 0.901923839552 0.334744603228 -0.872577239585
-0.950847852152 0.199958527767 0.236442274626 2.943170147585
0.000000000000 0.000000000000 0.000000000000 1.000000000000
0 34 66
0.617282969519 0.408434132167 -0.672416013509 0.765188938929
-0.283704779288 0.912740348626 0.293967097136 -0.191752642959
0.733807422796 0.009306754041 0.679293788120 0.559161423706
0.000000000000 0.000000000000 0.000000000000 1.000000000000
0 35 66
0.875719616292 0.274383618184 -0.397276709251 0.986656233300
-0.197777079054 0.954483007263 0.223263109017 -0.249164657598
0.440453607821 -0.116943657029 0.890126283422 0.565406158991
0.000000000000 0.000000000000 0.000000000000 1.000000000000
0 36 66
0.986128713944 0.090040773226 -0.139437508199 0.948087938303
-0.071405867717 0.988497441643 0.133319203122 -0.177493163602
0.149837784259 -0.121513238054 0.981215150406 0.433924543809
0.000000000000 0.000000000000 0.000000000000 1.000000000000
0 37 66
0.989115336963 0.133422976883 -0.062041594308 1.032721762086
-0.122737398109 0.980692297398 0.152243715570 -0.152265546031
0.081156523400 -0.142971770167 0.986393781228 0.404406901176
0.000000000000 0.000000000000 0.000000000000 1.000000000000
0 38 66
0.989609426641 0.025817312226 0.141444862374 0.820528424070
-0.043607008192 0.991304164536 0.124155073238 -0.126323138428
-0.137009530834 -0.129033018114 0.982129761639 0.377807722360
0.000000000000 0.000000000000 0.000000000000 1.000000000000
0 39 66
0.523754981601 0.411446845419 -0.745917027988 1.705199886074
-0.262518980850 0.910966495844 0.318156923770 -0.340668026746
0.810410083810 0.029181104231 0.585135846804 0.849567136782
0.000000000000 0.000000000000 0.000000000000 1.000000000000
0 40 66
0.979726728827 0.079405435375 -0.183930186903 1.052804433965
-0.057219403312 0.990763043861 0.122941168060 -0.083907889187
0.191993428810 -0.109924372876 0.975220567637 0.336459048452
0.000000000000 0.000000000000 0.000000000000 1.000000000000
0 41 66
0.983406626880 -0.024276005728 0.179783430143 0.266217316308
0.007589923534 0.995644229554 0.092924492015 0.021919226367
-0.181256170292 -0.090018018760 0.979307386386 0.106809408716
0.000000000000 0.000000000000 0.000000000000 1.000000000000
0 42 66
0.996713794018 0.007389439346 0.080666033742 0.684503086938
0.012370117421 0.970265368506 -0.241727315117 -0.158691943405
-0.080053688288 0.241930797678 0.966985468415 0.095349902219
0.000000000000 0.000000000000 0.000000000000 1.000000000000
0 43 66
0.994183084960 0.016156513655 -0.106484555908 0.312694061641
-0.019853435039 0.999233104041 -0.033749739335 0.094414763084
0.105857615208 0.035667504182 0.993741412264 -0.036477474840
0.000000000000 0.000000000000 0.000000000000 1.000000000000
0 44 66
0.657137655408 0.198585589097 -0.727140884319 2.364775638861
-0.160877894223 0.979394200240 0.122087278972 -0.314481836289
0.736402339075 0.036752746014 0.675544839862 0.535191804616
0.000000000000 0.000000000000 0.000000000000 1.000000000000
0 45 66
0.520829264209 0.038996714334 -0.852769683921 2.092604539278
-0.030765945567 0.999164548277 0.026900967638 -0.548292191410
0.853106285369 0.012225454495 0.521593907293 0.371148590195
0.000000000000 0.000000000000 0.000000000000 1.000000000000
0 46 66
0.832009724114 -0.123368328715 0.540869738893 0.131139620753
0.183642625685 0.981240023929 -0.058680503325 -0.050558889084
-0.523483719911 0.148149488386 0.839056925411 0.232564819015
0.000000000000 0.000000000000 0.000000000000 1.000000000000
0 47 66
0.743197015505 -0.359195336344 0.564479323353 -0.234065864467
0.260508193459 0.932446603254 0.250357371011 0.045106659803
-0.616274027754 -0.039013362174 0.786564860827 0.367868268474
0.000000000000 0.000000000000 0.000000000000 1.000000000000
0 48 66
0.678240937768 -0.437077754482 0.590721818517 -0.633953635914
0.206521986250 0.884854981243 0.417588710773 0.052476627999
-0.705221879645 -0.161228715515 0.690411038268 0.311234292568
0.000000000000 0.000000000000 0.000000000000 1.000000000000
0 49 66
0.730610087387 -0.347297738665 0.587871738500 -0.636856240845
0.219557696110 0.934748674451 0.279355210602 -0.057125311901
-0.646531761237 -0.075027970317 0.759188702091 0.565808678538
0.000000000000 0.000000000000 0.000000000000 1.000000000000
0 50 66
0.524181452151 0.289453468143 -0.800906046301 1.654864016706
-0.337706087891 0.934009812557 0.116534408005 0.077971517075
0.781785394736 0.209385672451 0.587340818222 -0.400888551199
0.000000000000 0.000000000000 0.000000000000 1.000000000000
0 51 66
0.766072120713 -0.066053371158 0.639351591869 -0.804945709053
0.176009142718 0.978242467319 -0.109829216574 -0.291659532464
-0.618186288708 0.196668826437 0.761030278742 1.374945748451
0.000000000000 0.000000000000 0.000000000000 1.000000000000
0 52 66
1.000000000000 0.000000000000 0.000000000000 0.000000000000
0.000000000000 1.000000000000 0.000000000000 0.000000000000
0.000000000000 0.000000000000 1.000000000000 0.000000000000
0.000000000000 0.000000000000 0.000000000000 1.000000000000
0 53 66
1.000000000000 0.000000000000 0.000000000000 0.000000000000
0.000000000000 1.000000000000 0.000000000000 0.000000000000
0.000000000000 0.000000000000 1.000000000000 0.000000000000
0.000000000000 0.000000000000 0.000000000000 1.000000000000
0 54 66
1.000000000000 0.000000000000 0.000000000000 0.000000000000
0.000000000000 1.000000000000 0.000000000000 0.000000000000
0.000000000000 0.000000000000 1.000000000000 0.000000000000
0.000000000000 0.000000000000 0.000000000000 1.000000000000
0 55 66
1.000000000000 0.000000000000 0.000000000000 0.000000000000
0.000000000000 1.000000000000 0.000000000000 0.000000000000
0.000000000000 0.000000000000 1.000000000000 0.000000000000
0.000000000000 0.000000000000 0.000000000000 1.000000000000
0 56 66
1.000000000000 0.000000000000 0.000000000000 0.000000000000
0.000000000000 1.000000000000 0.000000000000 0.000000000000
0.000000000000 0.000000000000 1.000000000000 0.000000000000
0.000000000000 0.000000000000 0.000000000000 1.000000000000
0 57 66
1.000000000000 0.000000000000 0.000000000000 0.000000000000
0.000000000000 1.000000000000 0.000000000000 0.000000000000
0.000000000000 0.000000000000 1.000000000000 0.000000000000
0.000000000000 0.000000000000 0.000000000000 1.000000000000
0 58 66
1.000000000000 0.000000000000 0.000000000000 0.000000000000
0.000000000000 1.000000000000 0.000000000000 0.000000000000
0.000000000000 0.000000000000 1.000000000000 0.000000000000
0.000000000000 0.000000000000 0.000000000000 1.000000000000
0 59 66
1.000000000000 0.000000000000 0.000000000000 0.000000000000
0.000000000000 1.000000000000 0.000000000000 0.000000000000
0.000000000000 0.000000000000 1.000000000000 0.000000000000
0.000000000000 0.000000000000 0.000000000000 1.000000000000
0 60 66
1.000000000000 0.000000000000 0.000000000000 0.000000000000
0.000000000000 1.000000000000 0.000000000000 0.000000000000
0.000000000000 0.000000000000 1.000000000000 0.000000000000
0.000000000000 0.000000000000 0.000000000000 1.000000000000
0 61 66
1.000000000000 0.000000000000 0.000000000000 0.000000000000
0.000000000000 1.000000000000 0.000000000000 0.000000000000
0.000000000000 0.000000000000 1.000000000000 0.000000000000
0.000000000000 0.000000000000 0.000000000000 1.000000000000
0 62 66
1.000000000000 0.000000000000 0.000000000000 0.000000000000
0.000000000000 1.000000000000 0.000000000000 0.000000000000
0.000000000000 0.000000000000 1.000000000000 0.000000000000
0.000000000000 0.000000000000 0.000000000000 1.000000000000
0 63 66
1.000000000000 0.000000000000 0.000000000000 0.000000000000
0.000000000000 1.000000000000 0.000000000000 0.000000000000
0.000000000000 0.000000000000 1.000000000000 0.000000000000
0.000000000000 0.000000000000 0.000000000000 1.000000000000
0 64 66
1.000000000000 0.000000000000 0.000000000000 0.000000000000
0.000000000000 1.000000000000 0.000000000000 0.000000000000
0.000000000000 0.000000000000 1.000000000000 0.000000000000
0.000000000000 0.000000000000 0.000000000000 1.000000000000
0 65 66
1.000000000000 0.000000000000 0.000000000000 0.000000000000
0.000000000000 1.000000000000 0.000000000000 0.000000000000
0.000000000000 0.000000000000 1.000000000000 0.000000000000
0.000000000000 0.000000000000 0.000000000000 1.000000000000
1 2 66
0.948530637410 0.016208741963 0.316270306191 -0.113614975083
0.022917641428 0.992557515332 -0.119600838081 0.046466620174
-0.315855048409 0.120693228652 0.941099746548 -0.042677360229
0.000000000000 0.000000000000 0.000000000000 1.000000000000
1 3 66
0.695312017511 -0.175422013907 0.696970813838 -0.201066141641
0.240691899089 0.970592607217 0.004171394023 0.029572905149
-0.677206473698 0.164854808399 0.717087361574 -0.024573038638
0.000000000000 0.000000000000 0.000000000000 1.000000000000
1 4 66
-0.330439239771 -0.399802490219 0.854966594455 -0.805547521713
0.738123448189 0.455069897405 0.498081483001 -1.841930415453
-0.588203777659 0.795656557373 0.144730641734 2.177974571663
0.000000000000 0.000000000000 0.000000000000 1.000000000000
1 5 66
0.608549254765 -0.021471735327 0.793225547437 -0.307052408648
0.245027122292 0.955867787200 -0.162106393256 0.104387328007
-0.754738043209 0.293011498026 0.586953787072 -0.195326975407
0.000000000000 0.000000000000 0.000000000000 1.000000000000
1 6 66
0.844119786369 -0.123397499474 0.521761289657 -0.298214313722
0.193976045533 0.977519728198 -0.082634585631 0.081625941416
-0.499835052813 0.170962680449 0.849079903115 0.022456614629
0.000000000000 0.000000000000 0.000000000000 1.000000000000
1 7 66
0.828070498330 0.053594058311 0.558056383092 -0.302238807455
0.004285814907 0.994785851363 -0.101895739451 0.026605014512
-0.560607600365 0.086768582111 0.823523121455 0.277472265835
0.000000000000 0.000000000000 0.000000000000 1.000000000000
1 8 66
0.879609125572 -0.070333097728 0.470468959203 -0.430578710628
0.112181130301 0.991784600148 -0.061471138864 -0.198653195173
-0.462280412968 0.106848314319 0.880272831293 0.820259240839
0.000000000000 0.000000000000 0.000000000000 1.000000000000
1 9 66
1.000000000000 0.000000000000 0.000000000000 0.000000000000
0.000000000000 1.000000000000 0.000000000000 0.000000000000
0.000000000000 0.000000000000 1.000000000000 0.000000000000
0.000000000000 0.000000000000 0.000000000000 1.000000000000
1 10 66
0.622071763288 0.377723511074 -0.685821894155 2.116639216798
-0.321974304522 0.921854931092 0.215675759532 -0.157625697054
0.713694100121 0.086651227366 0.695077187259 -0.372275150794
0.000000000000 0.000000000000 0.000000000000 1.000000000000
1 11 66
-0.395132545699 0.532091396353 -0.748831768328 2.014902159860
0.769982987618 0.636410210858 0.045915599685 -0.952922196900
0.500995479129 -0.558444974410 -0.661167709775 3.474810688313
0.000000000000 0.000000000000 0.000000000000 1.000000000000
1 12 66
1.000000000000 0.000000000000 0.000000000000 0.000000000000
0.000000000000 1.000000000000 0.000000000000 0.000000000000
0.000000000000 0.000000000000 1.000000000000 0.000000000000
0.000000000000 0.000000000000 0.000000000000 1.000000000000
1 13 66
1.000000000000 0.000000000000 0.000000000000 0.000000000000
0.000000000000 1.000000000000 0.000000000000 0.000000000000
0.000000000000 0.000000000000 1.000000000000 0.000000000000
0.000000000000 0.000000000000 0.000000000000 1.000000000000
1 14 66
1.000000000000 0.000000000000 0.000000000000 0.000000000000
0.000000000000 1.000000000000 0.000000000000 0.000000000000
0.000000000000 0.000000000000 1.000000000000 0.000000000000
0.000000000000 0.000000000000 0.000000000000 1.000000000000
1 15 66
1.000000000000 0.000000000000 0.000000000000 0.000000000000
0.000000000000 1.000000000000 0.000000000000 0.000000000000
0.000000000000 0.000000000000 1.000000000000 0.000000000000
0.000000000000 0.000000000000 0.000000000000 1.000000000000
1 16 66
1.000000000000 0.000000000000 0.000000000000 0.000000000000
0.000000000000 1.000000000000 0.000000000000 0.000000000000
0.000000000000 0.000000000000 1.000000000000 0.000000000000
0.000000000000 0.000000000000 0.000000000000 1.000000000000
1 17 66
1.000000000000 0.000000000000 0.000000000000 0.000000000000
0.000000000000 1.000000000000 0.000000000000 0.000000000000
0.000000000000 0.000000000000 1.000000000000 0.000000000000
0.000000000000 0.000000000000 0.000000000000 1.000000000000
1 18 66
-0.961243688145 0.025514128625 -0.274517032699 1.182237286259
0.142602195917 -0.806158279964 -0.574259036816 2.779682935439
-0.235955897830 -0.591149606179 0.771276187493 0.549977435600
0.000000000000 0.000000000000 0.000000000000 1.000000000000
1 19 66
-0.435900132650 0.387036570103 -0.812523087523 0.310725793724
-0.144836653885 0.860873609660 0.487769383912 -1.040320812321
0.888264272639 0.330301864352 -0.319197838901 3.093701633054
0.000000000000 0.000000000000 0.000000000000 1.000000000000
1 20 66
-0.689676621911 0.302856250719 -0.657741779569 0.453371049112
-0.076918244047 0.872556277170 0.482420073073 -0.872619308805
0.720020653122 0.383306189060 -0.578486494661 3.183033919584
0.000000000000 0.000000000000 0.000000000000 1.000000000000
1 21 66
-0.589742182734 0.370735031273 -0.717467556403 0.953188008556
-0.211366575296 0.786580192301 0.580185980465 -1.003191513400
0.779441036097 0.493808806794 -0.385518525601 2.730567907478
0.000000000000 0.000000000000 0.000000000000 1.000000000000
1 22 66
-0.584314101066 0.300661802676 -0.753776831500 1.231477063262
-0.162659987440 0.866596834200 0.471753808083 -0.816006566840
0.795058966229 0.398261732239 -0.457459105115 2.360173984537
0.000000000000 0.000000000000 0.000000000000 1.000000000000
1 23 66
0.993850236319 -0.104548341739 -0.036487696681 0.162690792613
0.073001907613 0.866380278766 -0.494020175752 0.862685337049
0.083261210983 0.488318396955 0.868684473178 -0.867635519372
0.000000000000 0.000000000000 0.000000000000 1.000000000000
1 24 66
1.000000000000 0.000000000000 0.000000000000 0.000000000000
0.000000000000 1.000000000000 0.000000000000 0.000000000000
0.000000000000 0.000000000000 1.000000000000 0.000000000000
0.000000000000 0.000000000000 0.000000000000 1.000000000000
1 25 66
0.869059758510 0.248189013789 -0.427945498368 3.206569258540
-0.211527120628 0.968407946604 0.132069399157 -0.563592243038
0.447203995262 -0.024254121083 0.894103083672 0.412803530006
0.000000000000 0.000000000000 0.000000000000 1.000000000000
1 26 66
1.000000000000 0.000000000000 0.000000000000 0.000000000000
0.000000000000 1.000000000000 0.000000000000 0.000000000000
0.000000000000 0.000000000000 1.000000000000 0.000000000000
0.000000000000 0.000000000000 0.000000000000 1.000000000000
1 27 66
-0.955079684923 0.064746075885 -0.289189801178 -0.290907654415
0.221831762050 0.803256682293 -0.552783295421 0.799645581332
0.196503091054 -0.592103578784 -0.781536875136 4.125332635532
0.000000000000 0.000000000000 0.000000000000 1.000000000000
1 28 66
1.000000000000 0.000000000000 0.000000000000 0.000000000000
0.000000000000 1.000000000000 0.000000000000 0.000000000000
0.000000000000 0.000000000000 1.000000000000 0.000000000000
0.000000000000 0.000000000000 0.000000000000 1.000000000000
1 29 66
0.912670603456 -0.203653850059 0.354340907805 0.638597980582
0.073366404937 0.934559776156 0.348160014099 -0.466619411626
-0.402056886789 -0.291758691639 0.867886585700 0.884997966025
0.000000000000 0.000000000000 0.000000000000 1.000000000000
1 30 66
0.983123908541 -0.140126196436 0.117609648958 0.468490108797
0.094634746419 0.939727352870 0.328567751061 -0.297176645877
-0.156561953315 -0.311892852338 0.937129235183 0.715714410463
0.000000000000 0.000000000000 0.000000000000 1.000000000000
1 31 66
0.711722143381 -0.445706060719 0.542952758589 0.552603056896
0.316040739241 0.893453979712 0.319152373133 -0.412423191753
-0.627351449956 -0.055552619874 0.776752254367 1.040454301273
0.000000000000 0.000000000000 0.000000000000 1.000000000000
1 32 66
0.358519374406 0.643405100107 0.676382831931 -0.652214726985
0.624234156350 -0.703966690637 0.338766315505 0.016765709175
0.694114958938 0.300766978955 -0.654021137387 4.072451138039
0.000000000000 0.000000000000 0.000000000000 1.000000000000
1 33 66
0.430061351757 0.505225795068 -0.748193911846 0.002649069537
-0.368919403580 0.854743264282 0.365119741764 -0.068917096599
0.823981618355 0.118999362024 0.553979642632 0.284780438922
0.000000000000 0.000000000000 0.000000000000 1.000000000000
1 34 66
0.456414301648 0.435646119078 -0.775821141877 1.113352208226
-0.324292691697 0.893408703560 0.310894095336 -0.214988909329
0.828565166636 0.109696614965 0.549041362105 0.658282761989
0.000000000000 0.000000000000 0.000000000000 1.000000000000
1 35 66
0.771477315287 0.339989907599 -0.537800720275 1.318452430636
-0.249990705290 0.939254703484 0.235170681105 -0.304627829597
0.585087514194 -0.046983664326 0.809608013807 0.715191231554
0.000000000000 0.000000000000 0.000000000000 1.000000000000
1 36 66
0.931074229042 0.171247876767 -0.322141187550 1.336028908387
-0.130302625211 0.980843641037 0.144799784879 -0.265592931426
0.340766791041 -0.092843505645 0.935552284794 0.605572303801
0.000000000000 0.000000000000 0.000000000000 1.000000000000
1 37 66
0.944491939876 0.217226104704 -0.246470677658 1.439175726817
-0.182720939764 0.970803314528 0.155415516194 -0.250178634974
0.273034857997 -0.101753348531 0.956607663769 0.589063433741
0.000000000000 0.000000000000 0.000000000000 1.000000000000
1 38 66
0.994930614517 0.092999557874 -0.038264272261 1.217100706265
-0.088351978579 0.990096932601 0.109096250783 -0.187484574837
0.048031241683 -0.105162475670 0.993294444530 0.519533209559
0.000000000000 0.000000000000 0.000000000000 1.000000000000
1 39 66
0.304249290804 0.448338725626 -0.840490782906 1.988780558973
-0.276573538606 0.885887799366 0.372437759468 -0.489987702381
0.911558800511 0.119143585807 0.393529362529 1.204441434578
0.000000000000 0.000000000000 0.000000000000 1.000000000000
1 40 66
0.846332580221 0.273402980752 -0.457134524810 1.029761168128
-0.156282301683 0.947904574986 0.277583787171 -0.388358895117
0.509212142272 -0.163486167108 0.844970571870 0.511838716310
0.000000000000 0.000000000000 0.000000000000 1.000000000000
1 41 66
0.997501073666 0.066510577422 -0.023831725210 0.729895495627
-0.063095011394 0.990385911571 0.123104694055 -0.105716473960
0.031790369181 -0.121293401520 0.992107495776 0.166886163545
0.000000000000 0.000000000000 0.000000000000 1.000000000000
1 42 66
0.993884090115 -0.026389773811 -0.107228705370 1.124194609759
0.000028376980 0.971086356568 -0.238728480249 -0.199515415489
0.110428323413 0.237265395550 0.965148028783 0.185060784689
0.000000000000 0.000000000000 0.000000000000 1.000000000000
1 43 66
0.933426930033 0.045343717054 -0.355890592196 1.000095993700
-0.037068164867 0.998861067368 0.030041958162 -0.112935641077
0.356847470838 -0.014849761633 0.934044628022 0.119043029917
0.000000000000 0.000000000000 0.000000000000 1.000000000000
1 44 66
0.479218307431 0.199239556186 -0.854782670083 2.689189200811
-0.243438948289 0.965856444579 0.088649912132 -0.268465372785
0.843259919763 0.165604733375 0.511358758608 0.964531091068
0.000000000000 0.000000000000 0.000000000000 1.000000000000
1 45 66
0.920661768863 -0.134630828617 0.366410217298 0.814056988144
0.245939791197 0.928973174271 -0.276626933957 -0.133443949284
-0.303142749312 0.344794694667 0.888381163729 0.056830160945
0.000000000000 0.000000000000 0.000000000000 1.000000000000
1 46 66
0.935276341304 -0.062853597012 0.348292392594 0.591301066326
0.096842959920 0.991995209793 -0.081036688371 -0.129043136393
-0.340410937707 0.109521363628 0.933876578783 0.250716233897
0.000000000000 0.000000000000 0.000000000000 1.000000000000
1 47 66
0.849407634614 -0.281242265478 0.446552861784 0.120611091330
0.185280782295 0.951225877747 0.246658389716 -0.050252566340
-0.494143402234 -0.126775855799 0.860087309763 0.324516029937
0.000000000000 0.000000000000 0.000000000000 1.000000000000
1 48 66
0.810586250794 -0.349665825328 0.469769880496 -0.187393318289
0.179166344885 0.911785450203 0.369522277621 0.099559173693
-0.557538654161 -0.215362725176 0.801729097464 0.170259956311
0.000000000000 0.000000000000 0.000000000000 1.000000000000
1 49 66
0.843693555826 -0.287084100200 0.453612062527 -0.256927734087
0.199715203545 0.952194469407 0.231169915654 -0.014289931298
-0.498292104423 -0.104443342740 0.860695397238 0.416633924484
0.000000000000 0.000000000000 0.000000000000 1.000000000000
1 50 66
0.833732093651 -0.042815202513 0.550506725164 -0.431332671325
0.132474860133 0.983380606747 -0.124149078559 -0.181376733802
-0.536042169470 0.176435372611 0.825547910083 0.844955770184
0.000000000000 0.000000000000 0.000000000000 1.000000000000
1 51 66
0.890841527703 -0.057653912912 0.450641097600 -0.523470281194
0.073767355230 0.997108329621 -0.018258047639 -0.458135946333
-0.448285344198 0.049507628979 0.892518484319 1.207196424972
0.000000000000 0.000000000000 0.000000000000 1.000000000000
1 52 66
1.000000000000 0.000000000000 0.000000000000 0.000000000000
0.000000000000 1.000000000000 0.000000000000 0.000000000000
0.000000000000 0.000000000000 1.000000000000 0.000000000000
0.000000000000 0.000000000000 0.000000000000 1.000000000000
1 53 66
1.000000000000 0.000000000000 0.000000000000 0.000000000000
0.000000000000 1.000000000000 0.000000000000 0.000000000000
0.000000000000 0.000000000000 1.000000000000 0.000000000000
0.000000000000 0.000000000000 0.000000000000 1.000000000000
1 54 66
1.000000000000 0.000000000000 0.000000000000 0.000000000000
0.000000000000 1.000000000000 0.000000000000 0.000000000000
0.000000000000 0.000000000000 1.000000000000 0.000000000000
0.000000000000 0.000000000000 0.000000000000 1.000000000000
1 55 66
1.000000000000 0.000000000000 0.000000000000 0.000000000000
0.000000000000 1.000000000000 0.000000000000 0.000000000000
0.000000000000 0.000000000000 1.000000000000 0.000000000000
0.000000000000 0.000000000000 0.000000000000 1.000000000000
1 56 66
1.000000000000 0.000000000000 0.000000000000 0.000000000000
0.000000000000 1.000000000000 0.000000000000 0.000000000000
0.000000000000 0.000000000000 1.000000000000 0.000000000000
0.000000000000 0.000000000000 0.000000000000 1.000000000000
1 57 66
1.000000000000 0.000000000000 0.000000000000 0.000000000000
0.000000000000 1.000000000000 0.000000000000 0.000000000000
0.000000000000 0.000000000000 1.000000000000 0.000000000000
0.000000000000 0.000000000000 0.000000000000 1.000000000000
1 58 66
1.000000000000 0.000000000000 0.000000000000 0.000000000000
0.000000000000 1.000000000000 0.000000000000 0.000000000000
0.000000000000 0.000000000000 1.000000000000 0.000000000000
0.000000000000 0.000000000000 0.000000000000 1.000000000000
1 59 66
1.000000000000 0.000000000000 0.000000000000 0.000000000000
0.000000000000 1.000000000000 0.000000000000 0.000000000000
0.000000000000 0.000000000000 1.000000000000 0.000000000000
0.000000000000 0.000000000000 0.000000000000 1.000000000000
1 60 66
-0.540855139221 -0.325711544471 0.775491913676 -1.911263867370
0.479022724984 0.638576485992 0.602293367461 -0.826053664606
-0.691384804090 0.697231712802 -0.189354142643 2.485147541654
0.000000000000 0.000000000000 0.000000000000 1.000000000000
1 61 66
1.000000000000 0.000000000000 0.000000000000 0.000000000000
0.000000000000 1.000000000000 0.000000000000 0.000000000000
0.000000000000 0.000000000000 1.000000000000 0.000000000000
0.000000000000 0.000000000000 0.000000000000 1.000000000000
1 62 66
1.000000000000 0.000000000000 0.000000000000 0.000000000000
0.000000000000 1.000000000000 0.000000000000 0.000000000000
0.000000000000 0.000000000000 1.000000000000 0.000000000000
0.000000000000 0.000000000000 0.000000000000 1.000000000000
1 63 66
0.366079133901 0.746892008407 -0.555102148707 2.115608443483
-0.857687847348 0.502237176859 0.110133440393 -0.430608878292
0.361050722523 0.435786812510 0.824458749609 0.451727124808
0.000000000000 0.000000000000 0.000000000000 1.000000000000
1 64 66
1.000000000000 0.000000000000 0.000000000000 0.000000000000
0.000000000000 1.000000000000 0.000000000000 0.000000000000
0.000000000000 0.000000000000 1.000000000000 0.000000000000
0.000000000000 0.000000000000 0.000000000000 1.000000000000
1 65 66
1.000000000000 0.000000000000 0.000000000000 0.000000000000
0.000000000000 1.000000000000 0.000000000000 0.000000000000
0.000000000000 0.000000000000 1.000000000000 0.000000000000
0.000000000000 0.000000000000 0.000000000000 1.000000000000
2 3 66
0.882127879006 -0.194711828639 0.428879597169 -0.093454656469
0.186096243561 0.980547804107 0.062403461389 0.098759931631
-0.432687639311 0.024765048935 0.901203694588 -0.040153270697
0.000000000000 0.000000000000 0.000000000000 1.000000000000
2 4 66
0.261356383344 -0.211839997147 0.941709433156 -1.440152124076
0.249929174822 0.957199501590 0.145960685561 -0.142583027837
-0.932324111271 0.197212904663 0.303115195555 0.971417707023
0.000000000000 0.000000000000 0.000000000000 1.000000000000
2 5 66
0.831318259104 -0.055766669620 0.552991890211 -0.130947066740
0.128990532628 0.987145854928 -0.094363677281 0.033773861044
-0.540621304216 0.149776966377 0.827825746018 -0.179520228949
0.000000000000 0.000000000000 0.000000000000 1.000000000000
2 6 66
0.972097836408 -0.138182671098 0.189555653727 -0.110747573559
0.138577853694 0.990287829618 0.011233564710 0.083363934491
-0.189266940899 0.015348091699 0.981805714571 -0.005356151848
0.000000000000 0.000000000000 0.000000000000 1.000000000000
2 7 66
0.971382261906 0.067653720046 0.227682839535 -0.197353670383
-0.071376922355 0.997416126986 0.008148900747 -0.021320803859
-0.226543232540 -0.024166997998 0.973701247816 0.264243609218
0.000000000000 0.000000000000 0.000000000000 1.000000000000
2 8 66
0.983341668774 -0.080595091942 0.162922047639 -0.567902832562
0.073536727898 0.996092470940 0.048909497925 -0.137957527239
-0.166227290486 -0.036113993023 0.985425931973 0.740331372406
0.000000000000 0.000000000000 0.000000000000 1.000000000000
2 9 66
-0.768434275020 -0.627684434076 0.124583370453 1.242987661138
-0.314293057692 0.200600698378 -0.927889666769 3.805124754108
0.557430389252 -0.752177911819 -0.351425312278 3.721811976389
0.000000000000 0.000000000000 0.000000000000 1.000000000000
2 10 66
-0.632097397211 -0.198119908595 -0.749133754584 3.100732165093
0.410420742369 0.734425488439 -0.540531235143 1.785043561223
0.657272922516 -0.649128418535 -0.382915919724 3.358040935550
0.000000000000 0.000000000000 0.000000000000 1.000000000000
2 11 66
1.000000000000 0.000000000000 0.000000000000 0.000000000000
0.000000000000 1.000000000000 0.000000000000 0.000000000000
0.000000000000 0.000000000000 1.000000000000 0.000000000000
0.000000000000 0.000000000000 0.000000000000 1.000000000000
2 12 66
-0.053642614668 0.141619329677 0.988466709279 -2.025015508983
0.387777429054 0.915157258699 -0.110072055337 0.760634354034
-0.920190814673 0.377400526380 -0.104008207755 1.784285464928
0.000000000000 0.000000000000 0.000000000000 1.000000000000
2 13 66
1.000000000000 0.000000000000 0.000000000000 0.000000000000
0.000000000000 1.000000000000 0.000000000000 0.000000000000
0.000000000000 0.000000000000 1.000000000000 0.000000000000
0.000000000000 0.000000000000 0.000000000000 1.000000000000
2 14 66
1.000000000000 0.000000000000 0.000000000000 0.000000000000
0.000000000000 1.000000000000 0.000000000000 0.000000000000
0.000000000000 0.000000000000 1.000000000000 0.000000000000
0.000000000000 0.000000000000 0.000000000000 1.000000000000
2 15 66
0.652503100502 -0.255800097088 0.713306395713 -0.657412936216
0.205578027327 0.965756652152 0.158277488939 -0.000844795358
-0.729367793720 0.043363569438 0.682746089209 0.367352032110
0.000000000000 0.000000000000 0.000000000000 1.000000000000
2 16 66
1.000000000000 0.000000000000 0.000000000000 0.000000000000
0.000000000000 1.000000000000 0.000000000000 0.000000000000
0.000000000000 0.000000000000 1.000000000000 0.000000000000
0.000000000000 0.000000000000 0.000000000000 1.000000000000
2 17 66
0.942051012990 0.192986944455 0.274401035337 -0.131798317608
0.168148335953 0.436155090965 -0.884021987137 3.113826722080
-0.290286110657 0.878933885963 0.378429911694 0.271791242776
0.000000000000 0.000000000000 0.000000000000 1.000000000000
2 18 66
0.987086677900 -0.101626179538 0.123822493693 -0.153735792342
0.094672846593 0.993649035843 0.060816491893 -0.024321787696
-0.129216649198 -0.048308520995 0.990438965494 0.135572658234
0.000000000000 0.000000000000 0.000000000000 1.000000000000
2 19 66
1.000000000000 0.000000000000 0.000000000000 0.000000000000
0.000000000000 1.000000000000 0.000000000000 0.000000000000
0.000000000000 0.000000000000 1.000000000000 0.000000000000
0.000000000000 0.000000000000 0.000000000000 1.000000000000
2 20 66
0.914239044559 0.183334792828 -0.361324401533 0.552384231281
-0.181465481011 0.982606933545 0.039419453966 -0.183402518148
0.362266819631 0.029529102395 0.931606560467 1.045814159653
0.000000000000 0.000000000000 0.000000000000 1.000000000000
2 21 66
-0.835308811237 -0.193901649738 0.514452466316 -1.237123765258
0.067243344310 0.892682309606 0.445641814423 -0.681194228038
-0.545653298822 0.406842038567 -0.732626803454 3.813150256009
0.000000000000 0.000000000000 0.000000000000 1.000000000000
2 22 66
-0.140113856833 0.287429323960 -0.947498016278 3.324659783009
-0.245641385631 0.916930615971 0.314481406700 -0.729783059849
0.959181117823 0.276807928397 -0.057870147644 2.968036176622
0.000000000000 0.000000000000 0.000000000000 1.000000000000
2 23 66
1.000000000000 0.000000000000 0.000000000000 0.000000000000
0.000000000000 1.000000000000 0.000000000000 0.000000000000
0.000000000000 0.000000000000 1.000000000000 0.000000000000
0.000000000000 0.000000000000 0.000000000000 1.000000000000
2 24 66
-0.066646640481 0.698610641846 -0.712391322527 3.107574206957
-0.120010361250 0.703182846093 0.700807675581 -1.608088998576
0.990533057755 0.132200817169 0.036975741166 2.239815093133
0.000000000000 0.000000000000 0.000000000000 1.000000000000
2 25 66
1.000000000000 0.000000000000 0.000000000000 0.000000000000
0.000000000000 1.000000000000 0.000000000000 0.000000000000
0.000000000000 0.000000000000 1.000000000000 0.000000000000
0.000000000000 0.000000000000 0.000000000000 1.000000000000
2 26 66
1.000000000000 0.000000000000 0.000000000000 0.000000000000
0.000000000000 1.000000000000 0.000000000000 0.000000000000
0.000000000000 0.000000000000 1.000000000000 0.000000000000
0.000000000000 0.000000000000 0.000000000000 1.000000000000
2 27 66
1.000000000000 0.000000000000 0.000000000000 0.000000000000
0.000000000000 1.000000000000 0.000000000000 0.000000000000
0.000000000000 0.000000000000 1.000000000000 0.000000000000
0.000000000000 0.000000000000 0.000000000000 1.000000000000
2 28 66
0.994172827326 0.051193443756 0.094866330815 -0.040479275107
-0.066832173708 0.983208680297 0.169806217631 0.392993063958
-0.084580434873 -0.175156850579 0.980900722669 0.016971168839
0.000000000000 0.000000000000 0.000000000000 1.000000000000
2 29 66
0.935548884543 -0.213910541064 0.281052601931 0.082767542342
0.144744211159 0.958050608930 0.247362373987 -0.025698776008
-0.322176035680 -0.190738855901 0.927265491045 0.910320054231
0.000000000000 0.000000000000 0.000000000000 1.000000000000
2 30 66
0.986742182981 -0.030098306001 -0.159480269321 0.262048077045
0.092978395400 0.910247382806 0.403490669141 -0.183044945892
0.133022112130 -0.412969483220 0.900977981759 0.885152302915
0.000000000000 0.000000000000 0.000000000000 1.000000000000
2 31 66
1.000000000000 0.000000000000 0.000000000000 0.000000000000
0.000000000000 1.000000000000 0.000000000000 0.000000000000
0.000000000000 0.000000000000 1.000000000000 0.000000000000
0.000000000000 0.000000000000 0.000000000000 1.000000000000
2 32 66
0.797818983938 0.451152844748 -0.399932468729 2.199623780859
-0.348715447846 0.886444055280 0.304326261261 -0.133936492619
0.491815417917 -0.103334638604 0.864545861805 0.585481467494
0.000000000000 0.000000000000 0.000000000000 1.000000000000
2 33 66
-0.403313043380 0.132693490315 0.905389985955 -0.936350401790
-0.811412822890 0.405541696615 -0.420886164129 1.979067377056
