0 1 55
0.988240958529 0.107681314136 0.108556632552 -0.313255606782
-0.103036043816 0.993540661669 -0.047545002737 0.112120642408
-0.112975136910 0.035800673130 0.992952632427 -0.162650663644
0.000000000000 0.000000000000 0.000000000000 1.000000000000
0 2 55
0.998671504158 0.014292815575 -0.049506991483 -0.582418483364
-0.002974526513 0.975150025938 0.221525572123 0.017954047930
0.051442968176 -0.221084016463 0.973897057542 -0.398264677147
0.000000000000 0.000000000000 0.000000000000 1.000000000000
0 3 55
0.997092649005 0.074491840853 -0.016037922126 -0.520448014193
-0.076016540049 0.986972927624 -0.141795365849 0.039707525456
0.005266397128 0.142602264301 0.989766062905 -0.147012557406
0.000000000000 0.000000000000 0.000000000000 1.000000000000
0 4 55
0.476401165733 -0.034120120893 0.878565732679 -0.549056080340
0.202941810107 0.976531257136 -0.072120215943 -0.068567770949
-0.855486148923 0.212655875036 0.472145028369 0.300413658631
0.000000000000 0.000000000000 0.000000000000 1.000000000000
0 5 55
1.000000000000 0.000000000000 0.000000000000 0.000000000000
0.000000000000 1.000000000000 0.000000000000 0.000000000000
0.000000000000 0.000000000000 1.000000000000 0.000000000000
0.000000000000 0.000000000000 0.000000000000 1.000000000000
0 6 55
1.000000000000 0.000000000000 0.000000000000 0.000000000000
0.000000000000 1.000000000000 0.000000000000 0.000000000000
0.000000000000 0.000000000000 1.000000000000 0.000000000000
0.000000000000 0.000000000000 0.000000000000 1.000000000000
0 7 55
1.000000000000 0.000000000000 0.000000000000 0.000000000000
0.000000000000 1.000000000000 0.000000000000 0.000000000000
0.000000000000 0.000000000000 1.000000000000 0.000000000000
0.000000000000 0.000000000000 0.000000000000 1.000000000000
0 8 55
1.000000000000 0.000000000000 0.000000000000 0.000000000000
0.000000000000 1.000000000000 0.000000000000 0.000000000000
0.000000000000 0.000000000000 1.000000000000 0.000000000000
0.000000000000 0.000000000000 0.000000000000 1.000000000000
0 9 55
0.663363199986 -0.316960723884 0.677853350231 -0.305436947351
0.066489166989 0.927244276854 0.368506772956 -0.240896082239
-0.745337813060 -0.199383927527 0.636174185162 -0.513081910914
0.000000000000 0.000000000000 0.000000000000 1.000000000000
0 10 55
0.893663296109 -0.057014281064 0.445101432196 -0.497279900188
-0.044282517229 0.975849464548 0.213908581432 -0.278723436942
-0.446547838261 -0.210872459788 0.869556113110 -0.368243013871
0.000000000000 0.000000000000 0.000000000000 1.000000000000
0 11 55
0.923328892075 0.337129105215 -0.183868766997 -0.732426791662
-0.259397360002 0.900620249360 0.348706432500 -0.281223339496
0.283155022354 -0.274275651234 0.919019096894 0.060360864029
0.000000000000 0.000000000000 0.000000000000 1.000000000000
0 12 55
1.000000000000 0.000000000000 0.000000000000 0.000000000000
0.000000000000 1.000000000000 0.000000000000 0.000000000000
0.000000000000 0.000000000000 1.000000000000 0.000000000000
0.000000000000 0.000000000000 0.000000000000 1.000000000000
0 13 55
1.000000000000 0.000000000000 0.000000000000 0.000000000000
0.000000000000 1.000000000000 0.000000000000 0.000000000000
0.000000000000 0.000000000000 1.000000000000 0.000000000000
0.000000000000 0.000000000000 0.000000000000 1.000000000000
0 14 55
1.000000000000 0.000000000000 0.000000000000 0.000000000000
0.000000000000 1.000000000000 0.000000000000 0.000000000000
0.000000000000 0.000000000000 1.000000000000 0.000000000000
0.000000000000 0.000000000000 0.000000000000 1.000000000000
0 15 55
1.000000000000 0.000000000000 0.000000000000 0.000000000000
0.000000000000 1.000000000000 0.000000000000 0.000000000000
0.000000000000 0.000000000000 1.000000000000 0.000000000000
0.000000000000 0.000000000000 0.000000000000 1.000000000000
0 16 55
0.398749071580 -0.856917133026 0.326637727522 -3.046893324199
0.253664647343 -0.239219246302 -0.937245111423 2.000545220136
0.881279424815 0.456582061984 0.121981129985 1.836813102511
0.000000000000 0.000000000000 0.000000000000 1.000000000000
0 17 55
1.000000000000 0.000000000000 0.000000000000 0.000000000000
0.000000000000 1.000000000000 0.000000000000 0.000000000000
0.000000000000 0.000000000000 1.000000000000 0.000000000000
0.000000000000 0.000000000000 0.000000000000 1.000000000000
0 18 55
-0.577163740909 -0.184808079833 0.795442009080 -2.024340305522
0.220185380310 0.902764205421 0.369506681548 -0.466009110911
-0.786384393588 0.388410559897 -0.480350728617 2.178109112615
0.000000000000 0.000000000000 0.000000000000 1.000000000000
0 19 55
0.059371730212 -0.173132517855 0.983107384222 -1.786585292162
0.161197370629 0.973582067501 0.161720022082 -0.618406643339
-0.985134714318 0.148872727862 0.085711758500 2.321145417379
0.000000000000 0.000000000000 0.000000000000 1.000000000000
0 20 55
-0.474660931965 -0.028240910563 0.879715550980 -1.846965338978
0.185186932367 0.973907812296 0.131184500717 -0.498736131424
-0.860466617450 0.225179981611 -0.457046142238 2.270009175162
0.000000000000 0.000000000000 0.000000000000 1.000000000000
0 21 55
1.000000000000 0.000000000000 0.000000000000 0.000000000000
0.000000000000 1.000000000000 0.000000000000 0.000000000000
0.000000000000 0.000000000000 1.000000000000 0.000000000000
0.000000000000 0.000000000000 0.000000000000 1.000000000000
0 22 55
1.000000000000 0.000000000000 0.000000000000 0.000000000000
0.000000000000 1.000000000000 0.000000000000 0.000000000000
0.000000000000 0.000000000000 1.000000000000 0.000000000000
0.000000000000 0.000000000000 0.000000000000 1.000000000000
0 23 55
1.000000000000 0.000000000000 0.000000000000 0.000000000000
0.000000000000 1.000000000000 0.000000000000 0.000000000000
0.000000000000 0.000000000000 1.000000000000 0.000000000000
0.000000000000 0.000000000000 0.000000000000 1.000000000000
0 24 55
1.000000000000 0.000000000000 0.000000000000 0.000000000000
0.000000000000 1.000000000000 0.000000000000 0.000000000000
0.000000000000 0.000000000000 1.000000000000 0.000000000000
0.000000000000 0.000000000000 0.000000000000 1.000000000000
0 25 55
1.000000000000 0.000000000000 0.000000000000 0.000000000000
0.000000000000 1.000000000000 0.000000000000 0.000000000000
0.000000000000 0.000000000000 1.000000000000 0.000000000000
0.000000000000 0.000000000000 0.000000000000 1.000000000000
0 26 55
1.000000000000 0.000000000000 0.000000000000 0.000000000000
0.000000000000 1.000000000000 0.000000000000 0.000000000000
0.000000000000 0.000000000000 1.000000000000 0.000000000000
0.000000000000 0.000000000000 0.000000000000 1.000000000000
0 27 55
1.000000000000 0.000000000000 0.000000000000 0.000000000000
0.000000000000 1.000000000000 0.000000000000 0.000000000000
0.000000000000 0.000000000000 1.000000000000 0.000000000000
0.000000000000 0.000000000000 0.000000000000 1.000000000000
0 28 55
1.000000000000 0.000000000000 0.000000000000 0.000000000000
0.000000000000 1.000000000000 0.000000000000 0.000000000000
0.000000000000 0.000000000000 1.000000000000 0.000000000000
0.000000000000 0.000000000000 0.000000000000 1.000000000000
0 29 55
1.000000000000 0.000000000000 0.000000000000 0.000000000000
0.000000000000 1.000000000000 0.000000000000 0.000000000000
0.000000000000 0.000000000000 1.000000000000 0.000000000000
0.000000000000 0.000000000000 0.000000000000 1.000000000000
0 30 55
1.000000000000 0.000000000000 0.000000000000 0.000000000000
0.000000000000 1.000000000000 0.000000000000 0.000000000000
0.000000000000 0.000000000000 1.000000000000 0.000000000000
0.000000000000 0.000000000000 0.000000000000 1.000000000000
0 31 55
1.000000000000 0.000000000000 0.000000000000 0.000000000000
0.000000000000 1.000000000000 0.000000000000 0.000000000000
0.000000000000 0.000000000000 1.000000000000 0.000000000000
0.000000000000 0.000000000000 0.000000000000 1.000000000000
0 32 55
1.000000000000 0.000000000000 0.000000000000 0.000000000000
0.000000000000 1.000000000000 0.000000000000 0.000000000000
0.000000000000 0.000000000000 1.000000000000 0.000000000000
0.000000000000 0.000000000000 0.000000000000 1.000000000000
0 33 55
1.000000000000 0.000000000000 0.000000000000 0.000000000000
0.000000000000 1.000000000000 0.000000000000 0.000000000000
0.000000000000 0.000000000000 1.000000000000 0.000000000000
0.000000000000 0.000000000000 0.000000000000 1.000000000000
0 34 55
0.968602875385 -0.054344688778 0.242600751436 -2.304795677355
-0.025410914556 0.949065010153 0.314053963397 0.197205149219
-0.247311049525 -0.310358278938 0.917886149518 -0.494043560245
0.000000000000 0.000000000000 0.000000000000 1.000000000000
0 35 55
0.921476815030 -0.032259790230 0.387091443068 -2.059841751600
0.005067975626 0.997458969854 0.071062782670 0.091223214656
-0.388400302504 -0.063520936644 0.919298806495 -0.085579164762
0.000000000000 0.000000000000 0.000000000000 1.000000000000
0 36 55
0.338099633651 -0.211085562117 0.917132227757 -1.619930385683
0.156363206157 0.973576109559 0.166433490190 -0.036799106172
-0.928029733083 0.087134633542 0.362171741239 0.528298445565
0.000000000000 0.000000000000 0.000000000000 1.000000000000
0 37 55
0.934727455968 0.175434149996 -0.309042783568 0.948380072852
0.270249871770 -0.915636197558 0.297616129486 -0.261327339630
-0.230758726527 -0.361708740200 -0.903281350076 4.219876215450
0.000000000000 0.000000000000 0.000000000000 1.000000000000
0 38 55
1.000000000000 0.000000000000 0.000000000000 0.000000000000
0.000000000000 1.000000000000 0.000000000000 0.000000000000
0.000000000000 0.000000000000 1.000000000000 0.000000000000
0.000000000000 0.000000000000 0.000000000000 1.000000000000
0 39 55
1.000000000000 0.000000000000 0.000000000000 0.000000000000
0.000000000000 1.000000000000 0.000000000000 0.000000000000
0.000000000000 0.000000000000 1.000000000000 0.000000000000
0.000000000000 0.000000000000 0.000000000000 1.000000000000
0 40 55
0.341679033819 0.466029090338 0.816132541201 -0.322541693874
-0.564405495649 0.796109306766 -0.218303477208 0.505041180081
-0.751466482506 -0.386039970260 0.535043238469 0.867406564200
0.000000000000 0.000000000000 0.000000000000 1.000000000000
0 41 55
1.000000000000 0.000000000000 0.000000000000 0.000000000000
0.000000000000 1.000000000000 0.000000000000 0.000000000000
0.000000000000 0.000000000000 1.000000000000 0.000000000000
0.000000000000 0.000000000000 0.000000000000 1.000000000000
0 42 55
1.000000000000 0.000000000000 0.000000000000 0.000000000000
0.000000000000 1.000000000000 0.000000000000 0.000000000000
0.000000000000 0.000000000000 1.000000000000 0.000000000000
0.000000000000 0.000000000000 0.000000000000 1.000000000000
0 43 55
0.997295048006 0.041014998346 0.060994730372 0.394290142705
-0.068950963164 0.809513604938 0.583038153210 -0.373564397192
-0.025462755176 -0.585666708402 0.810151933139 -0.700633152637
0.000000000000 0.000000000000 0.000000000000 1.000000000000
0 44 55
0.981401656710 -0.143418616873 0.127600503689 0.394802718315
0.096570741016 0.943322399336 0.317516838752 -0.374385517524
-0.165906239144 -0.299289076390 0.939628207626 -0.698408559031
0.000000000000 0.000000000000 0.000000000000 1.000000000000
0 45 55
0.998665494161 0.051383692385 0.005191043129 0.286864418173
-0.051527707413 0.984569456398 0.167236003589 -0.094944169859
0.003482260852 -0.167280308717 0.985903226577 -0.647000360326
0.000000000000 0.000000000000 0.000000000000 1.000000000000
0 46 55
0.787538948187 0.285937769880 -0.545913909737 0.139368303909
-0.164029315044 0.951147002169 0.261560249409 -0.130753862303
0.594034333094 -0.116442999020 0.795967486198 -0.119928502245
0.000000000000 0.000000000000 0.000000000000 1.000000000000
0 47 55
1.000000000000 0.000000000000 0.000000000000 0.000000000000
0.000000000000 1.000000000000 0.000000000000 0.000000000000
0.000000000000 0.000000000000 1.000000000000 0.000000000000
0.000000000000 0.000000000000 0.000000000000 1.000000000000
0 48 55
1.000000000000 0.000000000000 0.000000000000 0.000000000000
0.000000000000 1.000000000000 0.000000000000 0.000000000000
0.000000000000 0.000000000000 1.000000000000 0.000000000000
0.000000000000 0.000000000000 0.000000000000 1.000000000000
0 49 55
1.000000000000 0.000000000000 0.000000000000 0.000000000000
0.000000000000 1.000000000000 0.000000000000 0.000000000000
0.000000000000 0.000000000000 1.000000000000 0.000000000000
0.000000000000 0.000000000000 0.000000000000 1.000000000000
0 50 55
1.000000000000 0.000000000000 0.000000000000 0.000000000000
0.000000000000 1.000000000000 0.000000000000 0.000000000000
0.000000000000 0.000000000000 1.000000000000 0.000000000000
0.000000000000 0.000000000000 0.000000000000 1.000000000000
0 51 55
1.000000000000 0.000000000000 0.000000000000 0.000000000000
0.000000000000 1.000000000000 0.000000000000 0.000000000000
0.000000000000 0.000000000000 1.000000000000 0.000000000000
0.000000000000 0.000000000000 0.000000000000 1.000000000000
0 52 55
1.000000000000 0.000000000000 0.000000000000 0.000000000000
0.000000000000 1.000000000000 0.000000000000 0.000000000000
0.000000000000 0.000000000000 1.000000000000 0.000000000000
0.000000000000 0.000000000000 0.000000000000 1.000000000000
0 53 55
1.000000000000 0.000000000000 0.000000000000 0.000000000000
0.000000000000 1.000000000000 0.000000000000 0.000000000000
0.000000000000 0.000000000000 1.000000000000 0.000000000000
0.000000000000 0.000000000000 0.000000000000 1.000000000000
0 54 55
0.886129929382 0.233630650847 -0.400238013236 0.125744947496
-0.147416585487 0.960871763691 0.234507577842 -0.008827886365
0.439365563714 -0.148802462100 0.885898260917 -0.251470237598
0.000000000000 0.000000000000 0.000000000000 1.000000000000
1 2 55
0.980615173925 -0.057193340866 -0.187410785249 -0.198487083701
0.102976305316 0.964144750006 0.244582872619 -0.124585501631
0.166702613089 -0.259140546414 0.951344530648 -0.256894887954
0.000000000000 0.000000000000 0.000000000000 1.000000000000
1 3 55
0.994381096299 -0.036544602710 -0.099351534136 -0.225736366835
0.026609484461 0.994677036543 -0.099546613760 -0.106386530700
0.102460581001 0.096343577820 0.990060475099 0.012020410358
0.000000000000 0.000000000000 0.000000000000 1.000000000000
1 4 55
0.523097088488 -0.169565815194 0.835234619932 -0.308790263585
0.243882534654 0.968808719256 0.043942858164 -0.156398257918
-0.816633788982 0.180712754975 0.548135161145 0.448919456815
0.000000000000 0.000000000000 0.000000000000 1.000000000000
1 5 55
0.545129605974 -0.525955399484 -0.652843496134 1.725903759871
0.700537301275 0.713544364556 0.010096005772 -0.089494220611
0.460522748854 -0.462844852585 0.757425534441 1.590408734893
0.000000000000 0.000000000000 0.000000000000 1.000000000000
1 6 55
1.000000000000 0.000000000000 0.000000000000 0.000000000000
0.000000000000 1.000000000000 0.000000000000 0.000000000000
0.000000000000 0.000000000000 1.000000000000 0.000000000000
0.000000000000 0.000000000000 0.000000000000 1.000000000000
1 7 55
1.000000000000 0.000000000000 0.000000000000 0.000000000000
0.000000000000 1.000000000000 0.000000000000 0.000000000000
0.000000000000 0.000000000000 1.000000000000 0.000000000000
0.000000000000 0.000000000000 0.000000000000 1.000000000000
1 8 55
1.000000000000 0.000000000000 0.000000000000 0.000000000000
0.000000000000 1.000000000000 0.000000000000 0.000000000000
0.000000000000 0.000000000000 1.000000000000 0.000000000000
0.000000000000 0.000000000000 0.000000000000 1.000000000000
1 9 55
0.701679157196 -0.398077746627 0.590914941423 -0.031434095598
0.097275498521 0.875120382179 0.474027208167 -0.418520375313
-0.705821392240 -0.275133466405 0.652776943466 -0.298290772927
0.000000000000 0.000000000000 0.000000000000 1.000000000000
1 10 55
0.937283943830 -0.137660015404 0.320231992152 -0.120070900695
0.041802527858 0.956472464354 0.288813042638 -0.403476395695
-0.346051090597 -0.257313320860 0.902240820183 -0.197959123840
0.000000000000 0.000000000000 0.000000000000 1.000000000000
1 11 55
0.908605391216 0.288227723931 -0.302259858748 -0.445089381685
-0.171257371739 0.917179968740 0.359794132201 -0.417253054161
0.380929331606 -0.275146659255 0.882715786776 0.184551228392
0.000000000000 0.000000000000 0.000000000000 1.000000000000
1 12 55
1.000000000000 0.000000000000 0.000000000000 0.000000000000
0.000000000000 1.000000000000 0.000000000000 0.000000000000
0.000000000000 0.000000000000 1.000000000000 0.000000000000
0.000000000000 0.000000000000 0.000000000000 1.000000000000
1 13 55
1.000000000000 0.000000000000 0.000000000000 0.000000000000
0.000000000000 1.000000000000 0.000000000000 0.000000000000
0.000000000000 0.000000000000 1.000000000000 0.000000000000
0.000000000000 0.000000000000 0.000000000000 1.000000000000
1 14 55
1.000000000000 0.000000000000 0.000000000000 0.000000000000
0.000000000000 1.000000000000 0.000000000000 0.000000000000
0.000000000000 0.000000000000 1.000000000000 0.000000000000
0.000000000000 0.000000000000 0.000000000000 1.000000000000
1 15 55
1.000000000000 0.000000000000 0.000000000000 0.000000000000
0.000000000000 1.000000000000 0.000000000000 0.000000000000
0.000000000000 0.000000000000 1.000000000000 0.000000000000
0.000000000000 0.000000000000 0.000000000000 1.000000000000
1 16 55
1.000000000000 0.000000000000 0.000000000000 0.000000000000
0.000000000000 1.000000000000 0.000000000000 0.000000000000
0.000000000000 0.000000000000 1.000000000000 0.000000000000
0.000000000000 0.000000000000 0.000000000000 1.000000000000
1 17 55
1.000000000000 0.000000000000 0.000000000000 0.000000000000
0.000000000000 1.000000000000 0.000000000000 0.000000000000
0.000000000000 0.000000000000 1.000000000000 0.000000000000
0.000000000000 0.000000000000 0.000000000000 1.000000000000
1 18 55
-0.487900330690 -0.293843107976 0.821954679534 -1.892482682949
0.121949151721 0.909457342488 0.397511945215 -0.602806275122
-0.864338863934 0.294182885446 -0.407890620392 2.179501241906
0.000000000000 0.000000000000 0.000000000000 1.000000000000
1 19 55
0.158524833738 -0.280516311335 0.946668091869 -1.669675707668
0.114468911004 0.957548224997 0.264571852656 -0.765185979230
-0.980697071221 0.066422856604 0.183905569841 2.344317963544
0.000000000000 0.000000000000 0.000000000000 1.000000000000
1 20 55
-0.363807914445 -0.139693328895 0.920939506835 -1.750806369620
0.131205070257 0.971147929552 0.199140474203 -0.633884398687
-0.922187091064 0.193280813298 -0.334982829836 2.165141435047
0.000000000000 0.000000000000 0.000000000000 1.000000000000
1 21 55
-0.915610347255 0.155838787913 -0.370637240683 2.583036542653
0.227716282210 -0.558736437888 -0.797470305273 1.995699114090
-0.331365337379 -0.814572197634 0.476097834511 1.963698392051
0.000000000000 0.000000000000 0.000000000000 1.000000000000
1 22 55
1.000000000000 0.000000000000 0.000000000000 0.000000000000
0.000000000000 1.000000000000 0.000000000000 0.000000000000
0.000000000000 0.000000000000 1.000000000000 0.000000000000
0.000000000000 0.000000000000 0.000000000000 1.000000000000
1 23 55
1.000000000000 0.000000000000 0.000000000000 0.000000000000
0.000000000000 1.000000000000 0.000000000000 0.000000000000
0.000000000000 0.000000000000 1.000000000000 0.000000000000
0.000000000000 0.000000000000 0.000000000000 1.000000000000
1 24 55
1.000000000000 0.000000000000 0.000000000000 0.000000000000
0.000000000000 1.000000000000 0.000000000000 0.000000000000
0.000000000000 0.000000000000 1.000000000000 0.000000000000
0.000000000000 0.000000000000 0.000000000000 1.000000000000
1 25 55
1.000000000000 0.000000000000 0.000000000000 0.000000000000
0.000000000000 1.000000000000 0.000000000000 0.000000000000
0.000000000000 0.000000000000 1.000000000000 0.000000000000
0.000000000000 0.000000000000 0.000000000000 1.000000000000
1 26 55
1.000000000000 0.000000000000 0.000000000000 0.000000000000
0.000000000000 1.000000000000 0.000000000000 0.000000000000
0.000000000000 0.000000000000 1.000000000000 0.000000000000
0.000000000000 0.000000000000 0.000000000000 1.000000000000
1 27 55
1.000000000000 0.000000000000 0.000000000000 0.000000000000
0.000000000000 1.000000000000 0.000000000000 0.000000000000
0.000000000000 0.000000000000 1.000000000000 0.000000000000
0.000000000000 0.000000000000 0.000000000000 1.000000000000
1 28 55
1.000000000000 0.000000000000 0.000000000000 0.000000000000
0.000000000000 1.000000000000 0.000000000000 0.000000000000
0.000000000000 0.000000000000 1.000000000000 0.000000000000
0.000000000000 0.000000000000 0.000000000000 1.000000000000
1 29 55
1.000000000000 0.000000000000 0.000000000000 0.000000000000
0.000000000000 1.000000000000 0.000000000000 0.000000000000
0.000000000000 0.000000000000 1.000000000000 0.000000000000
0.000000000000 0.000000000000 0.000000000000 1.000000000000
1 30 55
1.000000000000 0.000000000000 0.000000000000 0.000000000000
0.000000000000 1.000000000000 0.000000000000 0.000000000000
0.000000000000 0.000000000000 1.000000000000 0.000000000000
0.000000000000 0.000000000000 0.000000000000 1.000000000000
1 31 55
1.000000000000 0.000000000000 0.000000000000 0.000000000000
0.000000000000 1.000000000000 0.000000000000 0.000000000000
0.000000000000 0.000000000000 1.000000000000 0.000000000000
0.000000000000 0.000000000000 0.000000000000 1.000000000000
1 32 55
1.000000000000 0.000000000000 0.000000000000 0.000000000000
0.000000000000 1.000000000000 0.000000000000 0.000000000000
0.000000000000 0.000000000000 1.000000000000 0.000000000000
0.000000000000 0.000000000000 0.000000000000 1.000000000000
1 33 55
1.000000000000 0.000000000000 0.000000000000 0.000000000000
0.000000000000 1.000000000000 0.000000000000 0.000000000000
0.000000000000 0.000000000000 1.000000000000 0.000000000000
0.000000000000 0.000000000000 0.000000000000 1.000000000000
1 34 55
0.989230116824 -0.133139429151 0.060808456436 -1.804607989000
0.103986492878 0.931644143835 0.348175241160 -0.103354201520
-0.103007695187 -0.338102176366 0.935455147545 -0.599896079839
0.000000000000 0.000000000000 0.000000000000 1.000000000000
1 35 55
0.952951738854 -0.126847220163 0.275304860385 -1.733978179368
0.090655389785 0.985926009999 0.140468868833 -0.192943736495
-0.289248308063 -0.108902183381 0.951039289797 -0.101879845305
0.000000000000 0.000000000000 0.000000000000 1.000000000000
1 36 55
0.396589964070 -0.324633821576 0.858678800418 -1.398415767026
0.159528276005 0.945524054845 0.283786875778 -0.278044819838
-0.904028279178 0.024436521804 0.426773624827 0.599290598085
0.000000000000 0.000000000000 0.000000000000 1.000000000000
1 37 55
1.000000000000 0.000000000000 0.000000000000 0.000000000000
0.000000000000 1.000000000000 0.000000000000 0.000000000000
0.000000000000 0.000000000000 1.000000000000 0.000000000000
0.000000000000 0.000000000000 0.000000000000 1.000000000000
1 38 55
1.000000000000 0.000000000000 0.000000000000 0.000000000000
0.000000000000 1.000000000000 0.000000000000 0.000000000000
0.000000000000 0.000000000000 1.000000000000 0.000000000000
0.000000000000 0.000000000000 0.000000000000 1.000000000000
1 39 55
1.000000000000 0.000000000000 0.000000000000 0.000000000000
0.000000000000 1.000000000000 0.000000000000 0.000000000000
0.000000000000 0.000000000000 1.000000000000 0.000000000000
0.000000000000 0.000000000000 0.000000000000 1.000000000000
1 40 55
1.000000000000 0.000000000000 0.000000000000 0.000000000000
0.000000000000 1.000000000000 0.000000000000 0.000000000000
0.000000000000 0.000000000000 1.000000000000 0.000000000000
0.000000000000 0.000000000000 0.000000000000 1.000000000000
1 41 55
1.000000000000 0.000000000000 0.000000000000 0.000000000000
0.000000000000 1.000000000000 0.000000000000 0.000000000000
0.000000000000 0.000000000000 1.000000000000 0.000000000000
0.000000000000 0.000000000000 0.000000000000 1.000000000000
1 42 55
-0.360490715464 0.931937968079 -0.039218206437 -1.300379047036
0.817492943595 0.335908948103 0.467835938932 -0.116552546372
0.449167820793 0.136589905323 -0.882944769806 5.183710343772
0.000000000000 0.000000000000 0.000000000000 1.000000000000
1 43 55
0.997447591724 0.020434910703 -0.068415759798 0.745427853420
0.028826603429 0.761367228956 0.647679681329 -0.550480883771
0.065324793906 -0.647998732327 0.758834839873 -0.387802928009
0.000000000000 0.000000000000 0.000000000000 1.000000000000
1 44 55
0.978375655363 -0.205727001112 -0.021388735521 0.837616809996
0.200545183764 0.918224330348 0.341534344430 -0.376842524654
-0.050623179106 -0.338438295956 0.939625890218 -0.431643938260
0.000000000000 0.000000000000 0.000000000000 1.000000000000
1 45 55
0.990122313817 -0.019639335437 -0.138823989950 0.711203897287
0.049371232288 0.975560112152 0.214114336278 -0.208102928788
0.131226083933 -0.218853293512 0.966893453703 -0.379943559761
0.000000000000 0.000000000000 0.000000000000 1.000000000000
1 46 55
0.748679849769 0.207665838117 -0.629566026902 0.389406834288
-0.071659330070 0.969456061498 0.234563179630 -0.193567058147
0.659047360182 -0.130498446364 0.740693413318 0.052089323636
0.000000000000 0.000000000000 0.000000000000 1.000000000000
1 47 55
1.000000000000 0.000000000000 0.000000000000 0.000000000000
0.000000000000 1.000000000000 0.000000000000 0.000000000000
0.000000000000 0.000000000000 1.000000000000 0.000000000000
0.000000000000 0.000000000000 0.000000000000 1.000000000000
1 48 55
1.000000000000 0.000000000000 0.000000000000 0.000000000000
0.000000000000 1.000000000000 0.000000000000 0.000000000000
0.000000000000 0.000000000000 1.000000000000 0.000000000000
0.000000000000 0.000000000000 0.000000000000 1.000000000000
1 49 55
1.000000000000 0.000000000000 0.000000000000 0.000000000000
0.000000000000 1.000000000000 0.000000000000 0.000000000000
0.000000000000 0.000000000000 1.000000000000 0.000000000000
0.000000000000 0.000000000000 0.000000000000 1.000000000000
1 50 55
1.000000000000 0.000000000000 0.000000000000 0.000000000000
0.000000000000 1.000000000000 0.000000000000 0.000000000000
0.000000000000 0.000000000000 1.000000000000 0.000000000000
0.000000000000 0.000000000000 0.000000000000 1.000000000000
1 51 55
1.000000000000 0.000000000000 0.000000000000 0.000000000000
0.000000000000 1.000000000000 0.000000000000 0.000000000000
0.000000000000 0.000000000000 1.000000000000 0.000000000000
0.000000000000 0.000000000000 0.000000000000 1.000000000000
1 52 55
1.000000000000 0.000000000000 0.000000000000 0.000000000000
0.000000000000 1.000000000000 0.000000000000 0.000000000000
0.000000000000 0.000000000000 1.000000000000 0.000000000000
0.000000000000 0.000000000000 0.000000000000 1.000000000000
1 53 55
0.662065067890 0.187403794337 -0.725637418928 0.209237990890
-0.075299631287 0.979965544032 0.184384104624 -0.158366410424
0.745653948832 -0.067434044652 0.662912391054 -0.091043305364
0.000000000000 0.000000000000 0.000000000000 1.000000000000
1 54 55
0.836178877565 0.168925673521 -0.521794022139 0.473999154085
-0.045709510421 0.969540202536 0.240629250765 -0.109169425029
0.546548740161 -0.177358147521 0.818430548145 -0.012032514675
0.000000000000 0.000000000000 0.000000000000 1.000000000000
2 3 55
0.994868201321 0.081444651069 0.060033580712 -0.014499336296
-0.056013584966 0.937459888323 -0.343557034691 -0.065878271705
-0.084259956683 0.338431273080 0.937211039789 0.264241440443
0.000000000000 0.000000000000 0.000000000000 1.000000000000
2 4 55
1.000000000000 0.000000000000 0.000000000000 0.000000000000
0.000000000000 1.000000000000 0.000000000000 0.000000000000
0.000000000000 0.000000000000 1.000000000000 0.000000000000
0.000000000000 0.000000000000 0.000000000000 1.000000000000
2 5 55
1.000000000000 0.000000000000 0.000000000000 0.000000000000
0.000000000000 1.000000000000 0.000000000000 0.000000000000
0.000000000000 0.000000000000 1.000000000000 0.000000000000
0.000000000000 0.000000000000 0.000000000000 1.000000000000
2 6 55
1.000000000000 0.000000000000 0.000000000000 0.000000000000
0.000000000000 1.000000000000 0.000000000000 0.000000000000
0.000000000000 0.000000000000 1.000000000000 0.000000000000
0.000000000000 0.000000000000 0.000000000000 1.000000000000
2 7 55
1.000000000000 0.000000000000 0.000000000000 0.000000000000
0.000000000000 1.000000000000 0.000000000000 0.000000000000
0.000000000000 0.000000000000 1.000000000000 0.000000000000
0.000000000000 0.000000000000 0.000000000000 1.000000000000
2 8 55
1.000000000000 0.000000000000 0.000000000000 0.000000000000
0.000000000000 1.000000000000 0.000000000000 0.000000000000
0.000000000000 0.000000000000 1.000000000000 0.000000000000
0.000000000000 0.000000000000 0.000000000000 1.000000000000
2 9 55
0.722395154267 -0.252785664297 0.643618403262 0.399697847759
0.179324749141 0.967425757234 0.178689783105 -0.169163641342
-0.667823236670 -0.013667924724 0.744194404975 -0.256546960395
0.000000000000 0.000000000000 0.000000000000 1.000000000000
2 10 55
0.848113054778 -0.076669632670 0.524238508450 -0.031219672462
0.085069462569 0.996342185928 0.008089195228 -0.226591417860
-0.522941137084 0.037736136096 0.851533059357 -0.005684534374
0.000000000000 0.000000000000 0.000000000000 1.000000000000
2 11 55
0.933606539266 0.339701471992 -0.113937437946 -0.198153091245
-0.325769506747 0.937176016370 0.124801213195 -0.358960790831
0.149174590039 -0.079397885787 0.985618038299 0.406514396271
0.000000000000 0.000000000000 0.000000000000 1.000000000000
2 12 55
1.000000000000 0.000000000000 0.000000000000 0.000000000000
0.000000000000 1.000000000000 0.000000000000 0.000000000000
0.000000000000 0.000000000000 1.000000000000 0.000000000000
0.000000000000 0.000000000000 0.000000000000 1.000000000000
2 13 55
1.000000000000 0.000000000000 0.000000000000 0.000000000000
0.000000000000 1.000000000000 0.000000000000 0.000000000000
0.000000000000 0.000000000000 1.000000000000 0.000000000000
0.000000000000 0.000000000000 0.000000000000 1.000000000000
2 14 55
1.000000000000 0.000000000000 0.000000000000 0.000000000000
0.000000000000 1.000000000000 0.000000000000 0.000000000000
0.000000000000 0.000000000000 1.000000000000 0.000000000000
0.000000000000 0.000000000000 0.000000000000 1.000000000000
2 15 55
1.000000000000 0.000000000000 0.000000000000 0.000000000000
0.000000000000 1.000000000000 0.000000000000 0.000000000000
0.000000000000 0.000000000000 1.000000000000 0.000000000000
0.000000000000 0.000000000000 0.000000000000 1.000000000000
2 16 55
1.000000000000 0.000000000000 0.000000000000 0.000000000000
0.000000000000 1.000000000000 0.000000000000 0.000000000000
0.000000000000 0.000000000000 1.000000000000 0.000000000000
0.000000000000 0.000000000000 0.000000000000 1.000000000000
2 17 55
1.000000000000 0.000000000000 0.000000000000 0.000000000000
0.000000000000 1.000000000000 0.000000000000 0.000000000000
0.000000000000 0.000000000000 1.000000000000 0.000000000000
0.000000000000 0.000000000000 0.000000000000 1.000000000000
2 18 55
-0.606180389487 -0.149428671615 0.781163496011 -1.311908312292
0.387466757965 0.802264394712 0.454138032376 -1.000838825743
-0.694560902206 0.577964456587 -0.428418300320 2.496868795158
0.000000000000 0.000000000000 0.000000000000 1.000000000000
2 19 55
-0.031592631322 -0.141491152354 0.989435272998 -1.119009730052
0.405658144207 0.902915940587 0.142071370348 -1.215053854226
-0.913478722076 0.405860885082 0.028871547860 2.645975339581
0.000000000000 0.000000000000 0.000000000000 1.000000000000
2 20 55
-0.435735598691 0.019677408776 0.899859593279 -1.223854344277
0.431959193335 0.881677097306 0.189886153732 -0.983303561799
-0.789649126718 0.471442780908 -0.392677935469 2.411320103024
0.000000000000 0.000000000000 0.000000000000 1.000000000000
2 21 55
-0.844939940181 -0.112924141625 0.522804586558 -1.215834772351
0.258845931547 0.769037770886 0.584448193318 -0.868824110685
-0.468054784410 0.629149461725 -0.620560773495 2.506432959975
0.000000000000 0.000000000000 0.000000000000 1.000000000000
2 22 55
1.000000000000 0.000000000000 0.000000000000 0.000000000000
0.000000000000 1.000000000000 0.000000000000 0.000000000000
0.000000000000 0.000000000000 1.000000000000 0.000000000000
0.000000000000 0.000000000000 0.000000000000 1.000000000000
2 23 55
1.000000000000 0.000000000000 0.000000000000 0.000000000000
0.000000000000 1.000000000000 0.000000000000 0.000000000000
0.000000000000 0.000000000000 1.000000000000 0.000000000000
0.000000000000 0.000000000000 0.000000000000 1.000000000000
2 24 55
1.000000000000 0.000000000000 0.000000000000 0.000000000000
0.000000000000 1.000000000000 0.000000000000 0.000000000000
0.000000000000 0.000000000000 1.000000000000 0.000000000000
0.000000000000 0.000000000000 0.000000000000 1.000000000000
2 25 55
1.000000000000 0.000000000000 0.000000000000 0.000000000000
0.000000000000 1.000000000000 0.000000000000 0.000000000000
0.000000000000 0.000000000000 1.000000000000 0.000000000000
0.000000000000 0.000000000000 0.000000000000 1.000000000000
2 26 55
1.000000000000 0.000000000000 0.000000000000 0.000000000000
0.000000000000 1.000000000000 0.000000000000 0.000000000000
0.000000000000 0.000000000000 1.000000000000 0.000000000000
0.000000000000 0.000000000000 0.000000000000 1.000000000000
2 27 55
1.000000000000 0.000000000000 0.000000000000 0.000000000000
0.000000000000 1.000000000000 0.000000000000 0.000000000000
0.000000000000 0.000000000000 1.000000000000 0.000000000000
0.000000000000 0.000000000000 0.000000000000 1.000000000000
2 28 55
-0.435254436892 0.584300351073 -0.684942826010 0.727237637046
-0.899088912723 -0.321667840387 0.296932530180 -1.094453101680
-0.046826298002 0.745065701933 0.665345322084 1.709010604221
0.000000000000 0.000000000000 0.000000000000 1.000000000000
2 29 55
1.000000000000 0.000000000000 0.000000000000 0.000000000000
0.000000000000 1.000000000000 0.000000000000 0.000000000000
0.000000000000 0.000000000000 1.000000000000 0.000000000000
0.000000000000 0.000000000000 0.000000000000 1.000000000000
2 30 55
1.000000000000 0.000000000000 0.000000000000 0.000000000000
0.000000000000 1.000000000000 0.000000000000 0.000000000000
0.000000000000 0.000000000000 1.000000000000 0.000000000000
0.000000000000 0.000000000000 0.000000000000 1.000000000000
2 31 55
1.000000000000 0.000000000000 0.000000000000 0.000000000000
0.000000000000 1.000000000000 0.000000000000 0.000000000000
0.000000000000 0.000000000000 1.000000000000 0.000000000000
0.000000000000 0.000000000000 0.000000000000 1.000000000000
2 32 55
1.000000000000 0.000000000000 0.000000000000 0.000000000000
0.000000000000 1.000000000000 0.000000000000 0.000000000000
0.000000000000 0.000000000000 1.000000000000 0.000000000000
0.000000000000 0.000000000000 0.000000000000 1.000000000000
2 33 55
0.949391777981 0.160182073202 -0.270179487242 -1.812620066406
-0.102635126720 0.971176805839 0.215131686561 0.288059789555
0.296852290988 -0.176514348494 0.938467581811 -0.028892992981
0.000000000000 0.000000000000 0.000000000000 1.000000000000
2 34 55
0.959411774214 -0.036098144133 0.279689062155 -1.627260795328
0.015485805470 0.997020990658 0.075560135104 0.285418755473
-0.281583446473 -0.068162072871 0.957112686414 0.046274736900
0.000000000000 0.000000000000 0.000000000000 1.000000000000
2 35 55
0.889956922117 -0.029769555222 0.455071917786 -1.526797775793
0.106726923767 0.983752042471 -0.144365102004 0.032022644211
-0.443380243717 0.177047147719 0.878674152895 0.456162251832
0.000000000000 0.000000000000 0.000000000000 1.000000000000
2 36 55
0.262891109153 -0.235356703342 0.935679158109 -1.002939860411
0.416833252438 0.902320759146 0.109851205163 -0.246231380890
-0.870136945768 0.361143281546 0.335316605321 0.963614643334
0.000000000000 0.000000000000 0.000000000000 1.000000000000
2 37 55
1.000000000000 0.000000000000 0.000000000000 0.000000000000
0.000000000000 1.000000000000 0.000000000000 0.000000000000
0.000000000000 0.000000000000 1.000000000000 0.000000000000
0.000000000000 0.000000000000 0.000000000000 1.000000000000
2 38 55
1.000000000000 0.000000000000 0.000000000000 0.000000000000
0.000000000000 1.000000000000 0.000000000000 0.000000000000
0.000000000000 0.000000000000 1.000000000000 0.000000000000
0.000000000000 0.000000000000 0.000000000000 1.000000000000
2 39 55
1.000000000000 0.000000000000 0.000000000000 0.000000000000
0.000000000000 1.000000000000 0.000000000000 0.000000000000
0.000000000000 0.000000000000 1.000000000000 0.000000000000
0.000000000000 0.000000000000 0.000000000000 1.000000000000
2 40 55
-0.319248819120 -0.765736984108 -0.558325230184 1.249981622224
0.889973027308 -0.444687539143 0.101000015813 -0.237701243306
-0.325619720155 -0.464650259550 0.823451233618 0.788842650870
0.000000000000 0.000000000000 0.000000000000 1.000000000000
2 41 55
1.000000000000 0.000000000000 0.000000000000 0.000000000000
0.000000000000 1.000000000000 0.000000000000 0.000000000000
0.000000000000 0.000000000000 1.000000000000 0.000000000000
0.000000000000 0.000000000000 0.000000000000 1.000000000000
2 42 55
1.000000000000 0.000000000000 0.000000000000 0.000000000000
0.000000000000 1.000000000000 0.000000000000 0.000000000000
0.000000000000 0.000000000000 1.000000000000 0.000000000000
0.000000000000 0.000000000000 0.000000000000 1.000000000000
2 43 55
0.991966527086 -0.002610266373 0.126473695490 0.849583598550
-0.049337810112 0.912627030382 0.405804982608 -0.345544198295
-0.116482572237 -0.408784894444 0.905166681026 -0.420529711288
0.000000000000 0.000000000000 0.000000000000 1.000000000000
2 44 55
0.963642638804 -0.167133379436 0.208468938109 0.843420789914
0.152786618073 0.984747544521 0.083237749236 -0.240113697027
-0.219201081238 -0.048360180295 0.974480466170 -0.433346583339
0.000000000000 0.000000000000 0.000000000000 1.000000000000
2 45 55
0.995908833136 0.053958082014 0.072485318972 0.778594414344
-0.050276395761 0.997396724544 -0.051691951966 -0.048639286299
-0.075085818304 0.047836170982 0.996029026000 -0.323798264966
0.000000000000 0.000000000000 0.000000000000 1.000000000000
2 46 55
0.845140713729 0.276346562590 -0.457569395110 0.590505636858
-0.278248272413 0.958318122267 0.064840384283 -0.148119266105
0.456415460843 0.072518645047 0.886806615460 0.153124742932
0.000000000000 0.000000000000 0.000000000000 1.000000000000
2 47 55
0.851941113466 0.269906574995 -0.448716814886 -0.554952462598
-0.201026237206 0.959842423058 0.195680798375 -0.039332784881
0.483512968949 -0.076504664384 0.871987525820 0.009026034079
0.000000000000 0.000000000000 0.000000000000 1.000000000000
2 48 55
1.000000000000 0.000000000000 0.000000000000 0.000000000000
0.000000000000 1.000000000000 0.000000000000 0.000000000000
0.000000000000 0.000000000000 1.000000000000 0.000000000000
0.000000000000 0.000000000000 0.000000000000 1.000000000000
2 49 55
1.000000000000 0.000000000000 0.000000000000 0.000000000000
0.000000000000 1.000000000000 0.000000000000 0.000000000000
0.000000000000 0.000000000000 1.000000000000 0.000000000000
0.000000000000 0.000000000000 0.000000000000 1.000000000000
2 50 55
1.000000000000 0.000000000000 0.000000000000 0.000000000000
0.000000000000 1.000000000000 0.000000000000 0.000000000000
0.000000000000 0.000000000000 1.000000000000 0.000000000000
0.000000000000 0.000000000000 0.000000000000 1.000000000000
2 51 55
1.000000000000 0.000000000000 0.000000000000 0.000000000000
0.000000000000 1.000000000000 0.000000000000 0.000000000000
0.000000000000 0.000000000000 1.000000000000 0.000000000000
0.000000000000 0.000000000000 0.000000000000 1.000000000000
2 52 55
1.000000000000 0.000000000000 0.000000000000 0.000000000000
0.000000000000 1.000000000000 0.000000000000 0.000000000000
0.000000000000 0.000000000000 1.000000000000 0.000000000000
0.000000000000 0.000000000000 0.000000000000 1.000000000000
2 53 55
0.786137007741 0.276267610289 -0.552869616243 0.364935361105
-0.314816221162 0.948783725526 0.026461085959 -0.033890225984
0.531864035213 0.153250284443 0.832847524079 0.094190243204
0.000000000000 0.000000000000 0.000000000000 1.000000000000
2 54 55
0.913435448832 0.230979385456 -0.335088352992 0.654960022360
-0.234052324855 0.971704174655 0.031788459991 -0.043450203984
0.332949230434 0.049391501830 0.941650301067 0.100559785312
0.000000000000 0.000000000000 0.000000000000 1.000000000000
3 4 55
1.000000000000 0.000000000000 0.000000000000 0.000000000000
0.000000000000 1.000000000000 0.000000000000 0.000000000000
0.000000000000 0.000000000000 1.000000000000 0.000000000000
0.000000000000 0.000000000000 0.000000000000 1.000000000000
3 5 55
