0 1 60
0.995208339578 -0.011914005661 0.097048530659 0.014779973721
0.019287787934 0.996966779060 -0.075400415697 -0.149205107299
-0.095855840044 0.076910973988 0.992419447618 -0.006432059006
0.000000000000 0.000000000000 0.000000000000 1.000000000000
0 2 60
0.953040564485 -0.134174214275 0.271497629216 0.132636906584
0.124089598179 0.990797325268 0.054059521514 -0.095479624817
-0.276252518667 -0.017830885183 0.960919666499 -0.182367606208
0.000000000000 0.000000000000 0.000000000000 1.000000000000
0 3 60
0.944149975283 -0.016513432632 -0.329102006551 0.094501415764
-0.030840589334 0.989931085131 -0.138149573802 -0.232337295189
0.328069630144 0.140583616523 0.934134125564 -0.083278067638
0.000000000000 0.000000000000 0.000000000000 1.000000000000
0 4 60
1.000000000000 0.000000000000 0.000000000000 0.000000000000
0.000000000000 1.000000000000 0.000000000000 0.000000000000
0.000000000000 0.000000000000 1.000000000000 0.000000000000
0.000000000000 0.000000000000 0.000000000000 1.000000000000
0 5 60
1.000000000000 0.000000000000 0.000000000000 0.000000000000
0.000000000000 1.000000000000 0.000000000000 0.000000000000
0.000000000000 0.000000000000 1.000000000000 0.000000000000
0.000000000000 0.000000000000 0.000000000000 1.000000000000
0 6 60
-0.780069952304 0.036450160448 0.624629694552 -1.785648284321
-0.321579765324 0.833002242388 -0.450215191560 1.323286669406
-0.536728352192 -0.552067613595 -0.638078385445 4.672179896330
0.000000000000 0.000000000000 0.000000000000 1.000000000000
0 7 60
1.000000000000 0.000000000000 0.000000000000 0.000000000000
0.000000000000 1.000000000000 0.000000000000 0.000000000000
0.000000000000 0.000000000000 1.000000000000 0.000000000000
0.000000000000 0.000000000000 0.000000000000 1.000000000000
0 8 60
1.000000000000 0.000000000000 0.000000000000 0.000000000000
0.000000000000 1.000000000000 0.000000000000 0.000000000000
0.000000000000 0.000000000000 1.000000000000 0.000000000000
0.000000000000 0.000000000000 0.000000000000 1.000000000000
0 9 60
1.000000000000 0.000000000000 0.000000000000 0.000000000000
0.000000000000 1.000000000000 0.000000000000 0.000000000000
0.000000000000 0.000000000000 1.000000000000 0.000000000000
0.000000000000 0.000000000000 0.000000000000 1.000000000000
0 10 60
0.766853801901 0.573555715848 0.288043551095 -0.632030512209
-0.636905630804 0.735480960703 0.231125450553 -0.399596562300
-0.079287224441 -0.360695990082 0.929307235945 0.962187190824
0.000000000000 0.000000000000 0.000000000000 1.000000000000
0 11 60
-0.340190900257 0.158650073645 0.926876639858 -2.905404946123
0.163204594098 0.980667967098 -0.107956467027 -0.289187051436
-0.926085531605 0.114544718081 -0.359506739453 4.178766506104
0.000000000000 0.000000000000 0.000000000000 1.000000000000
0 12 60
0.687975891077 -0.444454131886 0.573715694353 -1.170896887788
0.636686072395 0.749043156418 -0.183208064893 0.146708967245
-0.348310233148 0.491319523806 0.798301388582 1.122527912009
0.000000000000 0.000000000000 0.000000000000 1.000000000000
0 13 60
1.000000000000 0.000000000000 0.000000000000 0.000000000000
0.000000000000 1.000000000000 0.000000000000 0.000000000000
0.000000000000 0.000000000000 1.000000000000 0.000000000000
0.000000000000 0.000000000000 0.000000000000 1.000000000000
0 14 60
1.000000000000 0.000000000000 0.000000000000 0.000000000000
0.000000000000 1.000000000000 0.000000000000 0.000000000000
0.000000000000 0.000000000000 1.000000000000 0.000000000000
0.000000000000 0.000000000000 0.000000000000 1.000000000000
0 15 60
-0.710782100134 -0.405946131080 0.574453257272 -1.901297105683
-0.095438833494 -0.753458850901 -0.650531466618 1.187630972567
0.696907623140 -0.517211270817 0.496802039197 2.083526587084
0.000000000000 0.000000000000 0.000000000000 1.000000000000
0 16 60
1.000000000000 0.000000000000 0.000000000000 0.000000000000
0.000000000000 1.000000000000 0.000000000000 0.000000000000
0.000000000000 0.000000000000 1.000000000000 0.000000000000
0.000000000000 0.000000000000 0.000000000000 1.000000000000
0 17 60
1.000000000000 0.000000000000 0.000000000000 0.000000000000
0.000000000000 1.000000000000 0.000000000000 0.000000000000
0.000000000000 0.000000000000 1.000000000000 0.000000000000
0.000000000000 0.000000000000 0.000000000000 1.000000000000
0 18 60
1.000000000000 0.000000000000 0.000000000000 0.000000000000
0.000000000000 1.000000000000 0.000000000000 0.000000000000
0.000000000000 0.000000000000 1.000000000000 0.000000000000
0.000000000000 0.000000000000 0.000000000000 1.000000000000
0 19 60
-0.121139705725 -0.549130180991 0.826910645730 -0.276434898083
0.935870374919 -0.340853434078 -0.089250085863 0.150429359858
0.330865249076 0.763069446906 0.555205553063 2.339572476209
0.000000000000 0.000000000000 0.000000000000 1.000000000000
0 20 60
1.000000000000 0.000000000000 0.000000000000 0.000000000000
0.000000000000 1.000000000000 0.000000000000 0.000000000000
0.000000000000 0.000000000000 1.000000000000 0.000000000000
0.000000000000 0.000000000000 0.000000000000 1.000000000000
0 21 60
1.000000000000 0.000000000000 0.000000000000 0.000000000000
0.000000000000 1.000000000000 0.000000000000 0.000000000000
0.000000000000 0.000000000000 1.000000000000 0.000000000000
0.000000000000 0.000000000000 0.000000000000 1.000000000000
0 22 60
1.000000000000 0.000000000000 0.000000000000 0.000000000000
0.000000000000 1.000000000000 0.000000000000 0.000000000000
0.000000000000 0.000000000000 1.000000000000 0.000000000000
0.000000000000 0.000000000000 0.000000000000 1.000000000000
0 23 60
1.000000000000 0.000000000000 0.000000000000 0.000000000000
0.000000000000 1.000000000000 0.000000000000 0.000000000000
0.000000000000 0.000000000000 1.000000000000 0.000000000000
0.000000000000 0.000000000000 0.000000000000 1.000000000000
0 24 60
-0.578179043832 0.047702152592 -0.814514271153 1.339276166275
-0.308239426018 0.911538735700 0.272186681465 -0.994912623636
0.755445199549 0.408438046657 -0.512328910488 4.371110629075
0.000000000000 0.000000000000 0.000000000000 1.000000000000
0 25 60
0.306376427963 0.164299525790 -0.937624205220 1.191132023596
-0.198038744890 0.974441445230 0.106040206247 -0.206043379510
0.931082241218 0.153197701169 0.331083561122 0.049986896550
0.000000000000 0.000000000000 0.000000000000 1.000000000000
0 26 60
1.000000000000 0.000000000000 0.000000000000 0.000000000000
0.000000000000 1.000000000000 0.000000000000 0.000000000000
0.000000000000 0.000000000000 1.000000000000 0.000000000000
0.000000000000 0.000000000000 0.000000000000 1.000000000000
0 27 60
1.000000000000 0.000000000000 0.000000000000 0.000000000000
0.000000000000 1.000000000000 0.000000000000 0.000000000000
0.000000000000 0.000000000000 1.000000000000 0.000000000000
0.000000000000 0.000000000000 0.000000000000 1.000000000000
0 28 60
-0.120969825757 0.100628202591 -0.987542538881 2.539312227007
-0.280481009221 0.950844237547 0.131246483345 -0.813739590820
0.952206230143 0.292863792176 -0.086799161920 3.368032292317
0.000000000000 0.000000000000 0.000000000000 1.000000000000
0 29 60
1.000000000000 0.000000000000 0.000000000000 0.000000000000
0.000000000000 1.000000000000 0.000000000000 0.000000000000
0.000000000000 0.000000000000 1.000000000000 0.000000000000
0.000000000000 0.000000000000 0.000000000000 1.000000000000
0 30 60
1.000000000000 0.000000000000 0.000000000000 0.000000000000
0.000000000000 1.000000000000 0.000000000000 0.000000000000
0.000000000000 0.000000000000 1.000000000000 0.000000000000
0.000000000000 0.000000000000 0.000000000000 1.000000000000
0 31 60
0.570855727906 -0.326332786735 0.753412669271 -1.089791827704
0.065335048971 0.932765464468 0.354513638204 -0.513331104441
-0.818446741879 -0.153151887347 0.553795476787 0.317314630335
0.000000000000 0.000000000000 0.000000000000 1.000000000000
0 32 60
0.493821667019 -0.574577300916 0.652687587177 -1.978906836585
0.238799349924 0.811342885403 0.533570607120 -0.429452331123
-0.836130989533 -0.107627355159 0.537867382134 -0.493144788169
0.000000000000 0.000000000000 0.000000000000 1.000000000000
0 33 60
0.827830417833 0.252623634352 -0.500877328971 1.972600814195
-0.235597511849 0.966869962796 0.098266410608 -0.366281243636
0.509107662210 0.036657528694 0.859921864979 0.210004108571
0.000000000000 0.000000000000 0.000000000000 1.000000000000
0 34 60
-0.286985491061 0.015037546874 -0.957816892785 1.467261125911
-0.957842273639 -0.018411130129 0.286704044474 -2.034995316077
-0.013323165945 0.999717411308 0.019687325309 3.980239081421
0.000000000000 0.000000000000 0.000000000000 1.000000000000
0 35 60
0.919651848467 -0.094485197169 0.381199455832 -1.279425709741
0.120398813240 0.991720803407 -0.044653934424 -0.675409050427
-0.373824294798 0.086962035424 0.923413775625 0.236122336235
0.000000000000 0.000000000000 0.000000000000 1.000000000000
0 36 60
0.302395963370 -0.595321705887 0.744411679004 -1.708059821758
0.398209725492 0.788459491616 0.468786352835 -1.268975437771
-0.866017145246 0.154672869569 0.475489860626 1.555169420347
0.000000000000 0.000000000000 0.000000000000 1.000000000000
0 37 60
0.005806320995 -0.686730329573 0.726889084442 -1.381596411151
0.365144571462 0.678163664430 0.637780123694 -1.286967659859
-0.930932719679 0.261716447116 0.254693487824 2.015366380633
0.000000000000 0.000000000000 0.000000000000 1.000000000000
0 38 60
-0.346936787552 -0.530427171825 0.773486833005 -1.310904126568
0.280009435944 0.728518713419 0.625184132860 -1.252754857561
-0.895114283891 0.433482986503 -0.104225328913 2.015667640915
0.000000000000 0.000000000000 0.000000000000 1.000000000000
0 39 60
-0.946957309815 0.159045298834 -0.279242629818 -0.095628920210
0.060252494246 -0.765661350796 -0.640415749990 2.671571448663
-0.315660403481 -0.623271440719 0.715465737026 0.972502961611
0.000000000000 0.000000000000 0.000000000000 1.000000000000
0 40 60
1.000000000000 0.000000000000 0.000000000000 0.000000000000
0.000000000000 1.000000000000 0.000000000000 0.000000000000
0.000000000000 0.000000000000 1.000000000000 0.000000000000
0.000000000000 0.000000000000 0.000000000000 1.000000000000
0 41 60
0.837316088664 -0.383106485445 0.390039983173 0.081968333375
0.233346480492 0.895601121475 0.378745364664 -0.532724675008
-0.494420051885 -0.226115130016 0.839297778069 0.566404560768
0.000000000000 0.000000000000 0.000000000000 1.000000000000
0 42 60
0.004853729966 0.482055222026 -0.876127390408 1.654001041757
-0.319622728664 0.830926554723 0.455414505673 -1.263640881272
0.947532454656 0.277819768146 0.158108898549 2.683192266763
0.000000000000 0.000000000000 0.000000000000 1.000000000000
0 43 60
0.993515763245 -0.075814560703 0.084726504526 -0.257689801687
0.074376390152 0.997029497372 0.020008347225 -0.095052906694
-0.085991748277 -0.013576956807 0.996203335405 -0.705190542424
0.000000000000 0.000000000000 0.000000000000 1.000000000000
0 44 60
1.000000000000 0.000000000000 0.000000000000 0.000000000000
0.000000000000 1.000000000000 0.000000000000 0.000000000000
0.000000000000 0.000000000000 1.000000000000 0.000000000000
0.000000000000 0.000000000000 0.000000000000 1.000000000000
0 45 60
1.000000000000 0.000000000000 0.000000000000 0.000000000000
0.000000000000 1.000000000000 0.000000000000 0.000000000000
0.000000000000 0.000000000000 1.000000000000 0.000000000000
0.000000000000 0.000000000000 0.000000000000 1.000000000000
0 46 60
0.065536012984 0.101130110285 -0.992712310690 1.965648685816
-0.303672698870 0.949684229131 0.076699132339 -0.552523311375
0.950519817238 0.296433071256 0.092948971498 2.560822857291
0.000000000000 0.000000000000 0.000000000000 1.000000000000
0 47 60
1.000000000000 0.000000000000 0.000000000000 0.000000000000
0.000000000000 1.000000000000 0.000000000000 0.000000000000
0.000000000000 0.000000000000 1.000000000000 0.000000000000
0.000000000000 0.000000000000 0.000000000000 1.000000000000
0 48 60
1.000000000000 0.000000000000 0.000000000000 0.000000000000
0.000000000000 1.000000000000 0.000000000000 0.000000000000
0.000000000000 0.000000000000 1.000000000000 0.000000000000
0.000000000000 0.000000000000 0.000000000000 1.000000000000
0 49 60
-0.032170239918 -0.263214431502 0.964200829036 -2.339446682682
0.190207111324 0.945457879683 0.264444044266 -0.790469161197
-0.981216760184 0.191905082776 0.019649649853 2.751749901313
0.000000000000 0.000000000000 0.000000000000 1.000000000000
0 50 60
0.164220431408 0.217317609312 -0.962187459174 1.694192901426
-0.341948631598 0.927488145656 0.151118738134 -0.048691009285
0.925258225176 0.304201900635 0.226623962532 0.844527967755
0.000000000000 0.000000000000 0.000000000000 1.000000000000
0 51 60
1.000000000000 0.000000000000 0.000000000000 0.000000000000
0.000000000000 1.000000000000 0.000000000000 0.000000000000
0.000000000000 0.000000000000 1.000000000000 0.000000000000
0.000000000000 0.000000000000 0.000000000000 1.000000000000
0 52 60
1.000000000000 0.000000000000 0.000000000000 0.000000000000
0.000000000000 1.000000000000 0.000000000000 0.000000000000
0.000000000000 0.000000000000 1.000000000000 0.000000000000
0.000000000000 0.000000000000 0.000000000000 1.000000000000
0 53 60
-0.686013039430 -0.377669997362 0.621893465816 -0.054998873760
0.158033802705 0.756983024531 0.634036290582 -1.437099244053
-0.710219280881 0.533237352091 -0.459615599605 3.891838081545
0.000000000000 0.000000000000 0.000000000000 1.000000000000
0 54 60
0.579215939419 -0.667516937626 0.467899597675 -0.915451734636
0.515853946904 0.744583739070 0.423662319514 -0.963490311814
-0.631192206056 -0.004024114178 0.775616016801 0.893279614020
0.000000000000 0.000000000000 0.000000000000 1.000000000000
0 55 60
-0.936377499742 -0.094679933034 0.337983562110 -0.433813950996
0.153538369398 0.755423836464 0.636993560741 -1.488667721064
-0.315631346825 0.648359882768 -0.692824880701 4.097421787820
0.000000000000 0.000000000000 0.000000000000 1.000000000000
0 56 60
1.000000000000 0.000000000000 0.000000000000 0.000000000000
0.000000000000 1.000000000000 0.000000000000 0.000000000000
0.000000000000 0.000000000000 1.000000000000 0.000000000000
0.000000000000 0.000000000000 0.000000000000 1.000000000000
0 57 60
1.000000000000 0.000000000000 0.000000000000 0.000000000000
0.000000000000 1.000000000000 0.000000000000 0.000000000000
0.000000000000 0.000000000000 1.000000000000 0.000000000000
0.000000000000 0.000000000000 0.000000000000 1.000000000000
0 58 60
1.000000000000 0.000000000000 0.000000000000 0.000000000000
0.000000000000 1.000000000000 0.000000000000 0.000000000000
0.000000000000 0.000000000000 1.000000000000 0.000000000000
0.000000000000 0.000000000000 0.000000000000 1.000000000000
0 59 60
1.000000000000 0.000000000000 0.000000000000 0.000000000000
0.000000000000 1.000000000000 0.000000000000 0.000000000000
0.000000000000 0.000000000000 1.000000000000 0.000000000000
0.000000000000 0.000000000000 0.000000000000 1.000000000000
1 2 60
0.974652018032 -0.127671873639 0.183720811092 0.122552932766
0.103270098990 0.985203056787 0.136785319216 0.010804337153
-0.198465942673 -0.114345221063 0.973414834497 -0.155334678476
0.000000000000 0.000000000000 0.000000000000 1.000000000000
1 3 60
0.927663419735 -0.002461766043 -0.373409318835 -0.047628195529
-0.017381116348 0.998609777095 -0.049763539720 -0.116775603615
0.373012702839 0.052654086251 0.926330972559 -0.098568420398
0.000000000000 0.000000000000 0.000000000000 1.000000000000
1 4 60
1.000000000000 0.000000000000 0.000000000000 0.000000000000
0.000000000000 1.000000000000 0.000000000000 0.000000000000
0.000000000000 0.000000000000 1.000000000000 0.000000000000
0.000000000000 0.000000000000 0.000000000000 1.000000000000
1 5 60
1.000000000000 0.000000000000 0.000000000000 0.000000000000
0.000000000000 1.000000000000 0.000000000000 0.000000000000
0.000000000000 0.000000000000 1.000000000000 0.000000000000
0.000000000000 0.000000000000 0.000000000000 1.000000000000
1 6 60
0.690823517947 -0.656468256553 -0.303005437558 0.329700607632
0.438106480621 0.046678806777 0.897710309975 -2.806370894358
-0.575174389807 -0.752908040292 0.319849815029 1.171826658229
0.000000000000 0.000000000000 0.000000000000 1.000000000000
1 7 60
1.000000000000 0.000000000000 0.000000000000 0.000000000000
0.000000000000 1.000000000000 0.000000000000 0.000000000000
0.000000000000 0.000000000000 1.000000000000 0.000000000000
0.000000000000 0.000000000000 0.000000000000 1.000000000000
1 8 60
1.000000000000 0.000000000000 0.000000000000 0.000000000000
0.000000000000 1.000000000000 0.000000000000 0.000000000000
0.000000000000 0.000000000000 1.000000000000 0.000000000000
0.000000000000 0.000000000000 0.000000000000 1.000000000000
1 9 60
1.000000000000 0.000000000000 0.000000000000 0.000000000000
0.000000000000 1.000000000000 0.000000000000 0.000000000000
0.000000000000 0.000000000000 1.000000000000 0.000000000000
0.000000000000 0.000000000000 0.000000000000 1.000000000000
1 10 60
1.000000000000 0.000000000000 0.000000000000 0.000000000000
0.000000000000 1.000000000000 0.000000000000 0.000000000000
0.000000000000 0.000000000000 1.000000000000 0.000000000000
0.000000000000 0.000000000000 0.000000000000 1.000000000000
1 11 60
-0.768731080179 0.038348995758 -0.638421397583 2.064749113872
-0.261703761387 0.891948651721 0.368698717070 -1.000597186430
0.583578330341 0.450507444131 -0.675632574066 3.566110668601
0.000000000000 0.000000000000 0.000000000000 1.000000000000
1 12 60
0.357557787054 -0.434465808283 0.826675202452 -1.670454575670
0.422705657615 -0.714035472496 -0.558097904527 1.633636621690
0.832749875976 0.548992536789 -0.071657788222 2.079066443661
0.000000000000 0.000000000000 0.000000000000 1.000000000000
1 13 60
0.747678892269 -0.266363391287 0.608298296757 -0.988592564368
0.616258102621 0.619574977984 -0.486161287650 1.110867800731
-0.247390834530 0.738361287201 0.627391731339 1.075849946942
0.000000000000 0.000000000000 0.000000000000 1.000000000000
1 14 60
1.000000000000 0.000000000000 0.000000000000 0.000000000000
0.000000000000 1.000000000000 0.000000000000 0.000000000000
0.000000000000 0.000000000000 1.000000000000 0.000000000000
0.000000000000 0.000000000000 0.000000000000 1.000000000000
1 15 60
0.527114744703 -0.342792443116 0.777588185905 -1.015590894206
-0.013189475427 0.911620870986 0.410820429533 -0.584470743223
-0.849691758025 -0.226805486102 0.476007550170 0.797181689827
0.000000000000 0.000000000000 0.000000000000 1.000000000000
1 16 60
1.000000000000 0.000000000000 0.000000000000 0.000000000000
0.000000000000 1.000000000000 0.000000000000 0.000000000000
0.000000000000 0.000000000000 1.000000000000 0.000000000000
0.000000000000 0.000000000000 0.000000000000 1.000000000000
1 17 60
1.000000000000 0.000000000000 0.000000000000 0.000000000000
0.000000000000 1.000000000000 0.000000000000 0.000000000000
0.000000000000 0.000000000000 1.000000000000 0.000000000000
0.000000000000 0.000000000000 0.000000000000 1.000000000000
1 18 60
-0.073314929153 0.195427220221 0.977973988795 -0.804426107740
0.821857153552 -0.543659532707 0.170250203091 -0.377859059602
0.564956405680 0.816236800257 -0.120754898814 3.265255584230
0.000000000000 0.000000000000 0.000000000000 1.000000000000
1 19 60
-0.147241863310 -0.763584681262 0.628695688097 -0.369477188826
0.986712632664 -0.157536861581 0.039753211005 0.403773608124
0.068687802638 0.626195314407 0.776634672149 2.213037426560
0.000000000000 0.000000000000 0.000000000000 1.000000000000
1 20 60
0.199811055731 -0.673007202057 0.712135414080 -0.045368237012
0.279537351606 0.735740707072 0.616882874632 -1.084436927822
-0.939113630539 0.075808429194 0.335139778299 2.293496580140
0.000000000000 0.000000000000 0.000000000000 1.000000000000
1 21 60
1.000000000000 0.000000000000 0.000000000000 0.000000000000
0.000000000000 1.000000000000 0.000000000000 0.000000000000
0.000000000000 0.000000000000 1.000000000000 0.000000000000
0.000000000000 0.000000000000 0.000000000000 1.000000000000
1 22 60
1.000000000000 0.000000000000 0.000000000000 0.000000000000
0.000000000000 1.000000000000 0.000000000000 0.000000000000
0.000000000000 0.000000000000 1.000000000000 0.000000000000
0.000000000000 0.000000000000 0.000000000000 1.000000000000
1 23 60
1.000000000000 0.000000000000 0.000000000000 0.000000000000
0.000000000000 1.000000000000 0.000000000000 0.000000000000
0.000000000000 0.000000000000 1.000000000000 0.000000000000
0.000000000000 0.000000000000 0.000000000000 1.000000000000
1 24 60
-0.222691117544 0.789479520042 0.571953454051 -1.123687429659
-0.798100091891 -0.484558673192 0.358104922555 -1.720230276613
0.559861509206 -0.376729318834 0.737990589940 1.391029021961
0.000000000000 0.000000000000 0.000000000000 1.000000000000
1 25 60
1.000000000000 0.000000000000 0.000000000000 0.000000000000
0.000000000000 1.000000000000 0.000000000000 0.000000000000
0.000000000000 0.000000000000 1.000000000000 0.000000000000
0.000000000000 0.000000000000 0.000000000000 1.000000000000
1 26 60
1.000000000000 0.000000000000 0.000000000000 0.000000000000
0.000000000000 1.000000000000 0.000000000000 0.000000000000
0.000000000000 0.000000000000 1.000000000000 0.000000000000
0.000000000000 0.000000000000 0.000000000000 1.000000000000
1 27 60
1.000000000000 0.000000000000 0.000000000000 0.000000000000
0.000000000000 1.000000000000 0.000000000000 0.000000000000
0.000000000000 0.000000000000 1.000000000000 0.000000000000
0.000000000000 0.000000000000 0.000000000000 1.000000000000
1 28 60
1.000000000000 0.000000000000 0.000000000000 0.000000000000
0.000000000000 1.000000000000 0.000000000000 0.000000000000
0.000000000000 0.000000000000 1.000000000000 0.000000000000
0.000000000000 0.000000000000 0.000000000000 1.000000000000
1 29 60
-0.504993435505 0.386951926240 -0.771524359224 1.678001392489
-0.354817334529 0.721785406383 0.594247832347 -0.724773905290
0.786820366548 0.573841471063 -0.227199641007 2.891045209833
0.000000000000 0.000000000000 0.000000000000 1.000000000000
1 30 60
1.000000000000 0.000000000000 0.000000000000 0.000000000000
0.000000000000 1.000000000000 0.000000000000 0.000000000000
0.000000000000 0.000000000000 1.000000000000 0.000000000000
0.000000000000 0.000000000000 0.000000000000 1.000000000000
1 31 60
1.000000000000 0.000000000000 0.000000000000 0.000000000000
0.000000000000 1.000000000000 0.000000000000 0.000000000000
0.000000000000 0.000000000000 1.000000000000 0.000000000000
0.000000000000 0.000000000000 0.000000000000 1.000000000000
1 32 60
-0.429192304338 -0.483037860402 0.763196168305 -3.745158865467
0.376059842539 0.672688301547 0.637235783515 -0.292590580597
-0.821202143644 0.560504125213 -0.107061500519 1.524281703648
0.000000000000 0.000000000000 0.000000000000 1.000000000000
1 33 60
-0.139015566616 -0.485590034491 0.863062564732 -3.044707877331
0.062864686239 0.865439792082 0.497053314551 -0.917844101865
-0.988292822731 0.123354305497 -0.089783137910 1.441453889766
0.000000000000 0.000000000000 0.000000000000 1.000000000000
1 34 60
0.446307989222 -0.374396852866 0.812795285001 -2.290448235303
0.149014186450 0.926685673284 0.345033962338 -0.715093200194
-0.882385375555 -0.032873385800 0.469377661924 1.354471885610
0.000000000000 0.000000000000 0.000000000000 1.000000000000
1 35 60
0.686371325613 -0.149495231517 0.711720155068 -2.327492190732
0.149290324742 0.986765511719 0.063294737703 -0.756895510447
-0.711763164483 0.062809240054 0.699605744008 1.581326065001
0.000000000000 0.000000000000 0.000000000000 1.000000000000
1 36 60
0.417431527957 -0.460778733651 0.783220197698 -2.006736664425
0.197172275664 0.887298432711 0.416922756657 -0.634623251243
-0.887059193728 -0.019607394625 0.461239132012 1.602008445689
0.000000000000 0.000000000000 0.000000000000 1.000000000000
1 37 60
0.135827828869 -0.675696322707 0.724558679739 -1.600547519465
0.248062341648 0.731235737277 0.635420625401 -0.908587633068
-0.959174580335 0.093427918790 0.266936974640 1.948789439631
0.000000000000 0.000000000000 0.000000000000 1.000000000000
1 38 60
-0.320696538405 -0.532325349970 0.783443330455 -1.595636372665
0.146167987287 0.789409040277 0.596211612284 -0.976206785383
-0.935835802771 0.305717334982 -0.175351821615 2.213098551431
0.000000000000 0.000000000000 0.000000000000 1.000000000000
1 39 60
-0.636504434792 -0.324766035922 0.699563525637 -1.690807102519
0.090475185968 0.869321986280 0.485894561500 -0.754447009144
-0.765948004250 0.372567183314 -0.523944032033 2.109824163323
0.000000000000 0.000000000000 0.000000000000 1.000000000000
1 40 60
1.000000000000 0.000000000000 0.000000000000 0.000000000000
0.000000000000 1.000000000000 0.000000000000 0.000000000000
0.000000000000 0.000000000000 1.000000000000 0.000000000000
0.000000000000 0.000000000000 0.000000000000 1.000000000000
1 41 60
-0.935700251162 -0.210340455080 0.283234766460 -1.545697626107
0.030157485560 0.752202323780 0.658241741433 -0.739594693562
-0.351504716952 0.624458611164 -0.697492564049 2.614387057011
0.000000000000 0.000000000000 0.000000000000 1.000000000000
1 42 60
1.000000000000 0.000000000000 0.000000000000 0.000000000000
0.000000000000 1.000000000000 0.000000000000 0.000000000000
0.000000000000 0.000000000000 1.000000000000 0.000000000000
0.000000000000 0.000000000000 0.000000000000 1.000000000000
1 43 60
1.000000000000 0.000000000000 0.000000000000 0.000000000000
0.000000000000 1.000000000000 0.000000000000 0.000000000000
0.000000000000 0.000000000000 1.000000000000 0.000000000000
0.000000000000 0.000000000000 0.000000000000 1.000000000000
1 44 60
1.000000000000 0.000000000000 0.000000000000 0.000000000000
0.000000000000 1.000000000000 0.000000000000 0.000000000000
0.000000000000 0.000000000000 1.000000000000 0.000000000000
0.000000000000 0.000000000000 0.000000000000 1.000000000000
1 45 60
-0.886872047650 0.178841576497 -0.425997255405 0.934418554551
0.204965806403 -0.674041596721 -0.709687920212 2.893903857294
-0.414061576704 -0.716717249971 0.561132243141 1.977240765967
0.000000000000 0.000000000000 0.000000000000 1.000000000000
1 46 60
1.000000000000 0.000000000000 0.000000000000 0.000000000000
0.000000000000 1.000000000000 0.000000000000 0.000000000000
0.000000000000 0.000000000000 1.000000000000 0.000000000000
0.000000000000 0.000000000000 0.000000000000 1.000000000000
1 47 60
1.000000000000 0.000000000000 0.000000000000 0.000000000000
0.000000000000 1.000000000000 0.000000000000 0.000000000000
0.000000000000 0.000000000000 1.000000000000 0.000000000000
0.000000000000 0.000000000000 0.000000000000 1.000000000000
1 48 60
-0.736452444749 -0.216250261264 0.640994244223 -2.294107787188
0.084486409318 0.910710649189 0.404311958881 -0.765583132003
-0.671192851022 0.351911832647 -0.652424875966 3.846646345142
0.000000000000 0.000000000000 0.000000000000 1.000000000000
1 49 60
0.022515050686 -0.362267862408 0.931802054279 -2.513502940201
0.229311100088 0.909061018786 0.347885733396 -0.617457813778
-0.973092745769 0.205839889211 0.103539596970 2.366859786122
0.000000000000 0.000000000000 0.000000000000 1.000000000000
1 50 60
0.047538754425 -0.363534039898 0.930367168737 -2.577349879811
0.149255810378 0.923548550990 0.353243226449 -0.778741439404
-0.987655187753 0.122069962724 0.098163915490 3.584064951190
0.000000000000 0.000000000000 0.000000000000 1.000000000000
1 51 60
1.000000000000 0.000000000000 0.000000000000 0.000000000000
0.000000000000 1.000000000000 0.000000000000 0.000000000000
0.000000000000 0.000000000000 1.000000000000 0.000000000000
0.000000000000 0.000000000000 0.000000000000 1.000000000000
1 52 60
-0.559806571532 0.281622307125 -0.779298067878 3.797529428017
0.326820002958 0.939273215126 0.104663809475 -1.005598723138
0.761449465254 -0.196098708504 -0.617851121539 3.704172433484
0.000000000000 0.000000000000 0.000000000000 1.000000000000
1 53 60
-0.780287875952 -0.282787591271 0.557836901671 -0.204682138338
0.227934877663 0.702011326369 0.674704223489 -1.151817019107
-0.582405805420 0.653614011381 -0.483313771725 3.935924062201
0.000000000000 0.000000000000 0.000000000000 1.000000000000
1 54 60
1.000000000000 0.000000000000 0.000000000000 0.000000000000
0.000000000000 1.000000000000 0.000000000000 0.000000000000
0.000000000000 0.000000000000 1.000000000000 0.000000000000
0.000000000000 0.000000000000 0.000000000000 1.000000000000
1 55 60
0.646285537678 0.684033455603 -0.338250255585 1.875941631957
0.606455865110 -0.191365944516 0.771745009024 -1.101100613278
0.463169825725 -0.703901489482 -0.538513143426 3.673261981495
0.000000000000 0.000000000000 0.000000000000 1.000000000000
1 56 60
-0.511422973794 -0.548428935272 0.661568019808 -1.227401683613
0.059787321829 0.745291523102 0.664052725122 -0.516464172951
-0.857246766120 0.379165199550 -0.348370109835 2.965224911065
0.000000000000 0.000000000000 0.000000000000 1.000000000000
1 57 60
-0.695498575626 -0.118050867297 0.708763517708 -1.045104283249
-0.579435756041 0.675453564623 -0.456088463633 2.120318517560
-0.424895205814 -0.727891801553 -0.538179885640 3.652838461843
0.000000000000 0.000000000000 0.000000000000 1.000000000000
1 58 60
-0.061436333511 0.642508652335 0.763811631621 -1.842532975202
0.670667125128 0.593330046385 -0.445157346710 0.647578373953
-0.739209837730 0.484914515901 -0.467361453343 3.136676117717
0.000000000000 0.000000000000 0.000000000000 1.000000000000
1 59 60
1.000000000000 0.000000000000 0.000000000000 0.000000000000
0.000000000000 1.000000000000 0.000000000000 0.000000000000
0.000000000000 0.000000000000 1.000000000000 0.000000000000
0.000000000000 0.000000000000 0.000000000000 1.000000000000
2 3 60
0.810445920624 0.072855972878 -0.581265358472 -0.120181653122
-0.164113920999 0.980741069585 -0.105894170585 -0.125128462833
0.562355786560 0.181215235688 0.806794278411 0.044958100688
0.000000000000 0.000000000000 0.000000000000 1.000000000000
2 4 60
1.000000000000 0.000000000000 0.000000000000 0.000000000000
0.000000000000 1.000000000000 0.000000000000 0.000000000000
0.000000000000 0.000000000000 1.000000000000 0.000000000000
0.000000000000 0.000000000000 0.000000000000 1.000000000000
2 5 60
-0.460849999010 -0.517954656047 0.720652657451 -2.406603474556
-0.126442316272 0.842059564672 0.524354870484 -2.210672742696
-0.878424509601 0.150527950308 -0.453554535980 3.500392750331
0.000000000000 0.000000000000 0.000000000000 1.000000000000
2 6 60
1.000000000000 0.000000000000 0.000000000000 0.000000000000
0.000000000000 1.000000000000 0.000000000000 0.000000000000
0.000000000000 0.000000000000 1.000000000000 0.000000000000
0.000000000000 0.000000000000 0.000000000000 1.000000000000
2 7 60
-0.272928698391 0.937780100955 0.214658817308 -0.899145006825
-0.439549815487 -0.320034937774 0.839269681515 -2.917536680482
0.855748727899 0.134707538235 0.499547789348 1.190341835465
0.000000000000 0.000000000000 0.000000000000 1.000000000000
2 8 60
-0.019406092638 0.997338765008 -0.070276535061 0.141064017984
-0.184406083694 -0.072654276496 -0.980161084926 2.306732644037
-0.982658536759 -0.006061676208 0.185325271392 1.215011934313
0.000000000000 0.000000000000 0.000000000000 1.000000000000
2 9 60
1.000000000000 0.000000000000 0.000000000000 0.000000000000
0.000000000000 1.000000000000 0.000000000000 0.000000000000
0.000000000000 0.000000000000 1.000000000000 0.000000000000
0.000000000000 0.000000000000 0.000000000000 1.000000000000
2 10 60
1.000000000000 0.000000000000 0.000000000000 0.000000000000
0.000000000000 1.000000000000 0.000000000000 0.000000000000
0.000000000000 0.000000000000 1.000000000000 0.000000000000
0.000000000000 0.000000000000 0.000000000000 1.000000000000
2 11 60
-0.206548442685 -0.167871406819 0.963927866387 -2.912691561534
0.609561355777 0.748548909081 0.260977938256 -0.431287848301
-0.765357886461 0.641477763828 -0.052283689107 2.122212125090
0.000000000000 0.000000000000 0.000000000000 1.000000000000
2 12 60
0.256184514835 -0.559363735104 0.788341110313 -2.067815112665
0.324448760057 -0.718485465827 -0.615232994477 1.496092968554
0.910550655624 0.413389461943 -0.002579980204 2.040770094447
0.000000000000 0.000000000000 0.000000000000 1.000000000000
2 13 60
0.527627447547 -0.617356333833 0.583507012530 -1.323072310749
-0.093645840632 -0.724987445389 -0.682366221732 1.910228799350
0.844298367361 0.305392143161 -0.440336128165 3.057125631886
0.000000000000 0.000000000000 0.000000000000 1.000000000000
2 14 60
1.000000000000 0.000000000000 0.000000000000 0.000000000000
0.000000000000 1.000000000000 0.000000000000 0.000000000000
0.000000000000 0.000000000000 1.000000000000 0.000000000000
0.000000000000 0.000000000000 0.000000000000 1.000000000000
2 15 60
0.683221651216 -0.261423029874 0.681810952363 -1.434902864803
0.299302371558 0.951936677211 0.065074211176 -0.022683400753
-0.666052749930 0.159607524985 0.728628281278 1.142880242670
0.000000000000 0.000000000000 0.000000000000 1.000000000000
2 16 60
0.953023349933 0.298606890789 -0.050797827272 0.244683790645
-0.233027981328 0.829945801580 0.506841125361 -1.190761483687
0.193505696042 -0.471194112031 0.860541489056 0.596163208938
0.000000000000 0.000000000000 0.000000000000 1.000000000000
2 17 60
0.280640213258 -0.524114993773 0.804079936328 -1.462155837471
0.369303013406 0.832215828657 0.413560272296 -0.692928796402
-0.885921190057 0.180887500493 0.427110474202 1.852616531500
0.000000000000 0.000000000000 0.000000000000 1.000000000000
2 18 60
1.000000000000 0.000000000000 0.000000000000 0.000000000000
0.000000000000 1.000000000000 0.000000000000 0.000000000000
0.000000000000 0.000000000000 1.000000000000 0.000000000000
0.000000000000 0.000000000000 0.000000000000 1.000000000000
2 19 60
-0.213449738203 -0.838066542279 0.502079356251 -0.992982289203
-0.972637693128 0.134039575749 -0.189761192135 0.787057707321
0.091734002247 -0.528845783613 -0.843745820722 4.143241414606
0.000000000000 0.000000000000 0.000000000000 1.000000000000
2 20 60
-0.259289390395 -0.509452271289 -0.820504354228 1.250816694456
-0.358498572441 0.839632583020 -0.408039090149 0.811543883871
0.896798631570 0.188349432730 -0.400345732591 2.574708280323
0.000000000000 0.000000000000 0.000000000000 1.000000000000
2 21 60
1.000000000000 0.000000000000 0.000000000000 0.000000000000
0.000000000000 1.000000000000 0.000000000000 0.000000000000
0.000000000000 0.000000000000 1.000000000000 0.000000000000
0.000000000000 0.000000000000 0.000000000000 1.000000000000
2 22 60
-0.119136230470 0.335202135977 0.934583375963 -2.879691136459
-0.983550738930 -0.168562159317 -0.064921047415 0.288738789342
0.135773718151 -0.926944618887 0.349770168792 0.712027394455
0.000000000000 0.000000000000 0.000000000000 1.000000000000
2 23 60
1.000000000000 0.000000000000 0.000000000000 0.000000000000
0.000000000000 1.000000000000 0.000000000000 0.000000000000
0.000000000000 0.000000000000 1.000000000000 0.000000000000
0.000000000000 0.000000000000 0.000000000000 1.000000000000
2 24 60
0.236706052810 0.968095933829 -0.082222305170 0.395717619151
-0.544241278189 0.062013755233 -0.836633566908 1.285021519339
-0.804842640321 0.242785001732 0.541556799657 0.164724485071
0.000000000000 0.000000000000 0.000000000000 1.000000000000
2 25 60
-0.434641806805 -0.491620567631 -0.754583141383 1.241998256408
0.773755090707 -0.632596322838 -0.033540303178 0.053851290031
-0.460857417628 -0.598440564980 0.655346725637 1.280513222056
0.000000000000 0.000000000000 0.000000000000 1.000000000000
2 26 60
-0.910983952170 -0.242533703465 0.333595026300 -0.091088751765
-0.027808041529 -0.770870480425 -0.636384644092 2.664973883610
0.411503282751 -0.589012822520 0.695506249571 0.613633465061
0.000000000000 0.000000000000 0.000000000000 1.000000000000
2 27 60
1.000000000000 0.000000000000 0.000000000000 0.000000000000
0.000000000000 1.000000000000 0.000000000000 0.000000000000
0.000000000000 0.000000000000 1.000000000000 0.000000000000
0.000000000000 0.000000000000 0.000000000000 1.000000000000
2 28 60
-0.243282069928 0.955045692378 0.169415347364 -0.680101627627
-0.689934891313 -0.293155486343 0.661853236432 -1.382026146692
0.681765120991 0.044131466077 0.730238819498 1.221567299619
0.000000000000 0.000000000000 0.000000000000 1.000000000000
2 29 60
1.000000000000 0.000000000000 0.000000000000 0.000000000000
0.000000000000 1.000000000000 0.000000000000 0.000000000000
0.000000000000 0.000000000000 1.000000000000 0.000000000000
0.000000000000 0.000000000000 0.000000000000 1.000000000000
2 30 60
-0.104880211136 -0.728869127669 0.676572195736 -0.886398637114
0.398741323162 -0.654064626200 -0.642810097896 1.078698351251
0.911046375611 0.202359233755 0.359228676472 2.301072114457
0.000000000000 0.000000000000 0.000000000000 1.000000000000
2 31 60
1.000000000000 0.000000000000 0.000000000000 0.000000000000
0.000000000000 1.000000000000 0.000000000000 0.000000000000
0.000000000000 0.000000000000 1.000000000000 0.000000000000
0.000000000000 0.000000000000 0.000000000000 1.000000000000
2 32 60
0.383066457656 0.517982542090 -0.764822969784 2.464238813985
-0.094053654110 0.845549247860 0.525547694878 -0.646289797784
0.918920017829 -0.129385298751 0.372619706000 2.003269762201
0.000000000000 0.000000000000 0.000000000000 1.000000000000
2 33 60
0.107145985572 -0.431628641145 0.895665369387 -3.378720412611
0.198313353245 0.892027240681 0.406151715259 -0.716405010568
-0.974264620984 0.134104876966 0.181174861042 0.715343954105
0.000000000000 0.000000000000 0.000000000000 1.000000000000
2 34 60
0.602705721523 -0.270942360039 0.750557160235 -2.753087295087
0.207837704171 0.961427550833 0.180168124884 -0.558592801350
-0.770421509285 0.047405717329 0.635769923790 0.951847818841
0.000000000000 0.000000000000 0.000000000000 1.000000000000
2 35 60
0.863996254740 -0.086059317028 0.496088969589 -2.691088959673
0.142541998007 0.986783621629 -0.077070505964 -0.706091066428
-0.482899834955 0.137302141418 0.864844420322 1.032272763833
0.000000000000 0.000000000000 0.000000000000 1.000000000000
2 36 60
0.584690290738 -0.367555830055 0.723215027298 -2.498843577323
0.250214329543 0.929717865714 0.270217466986 -0.600342079358
-0.771705937005 0.022965233836 0.635564744795 1.242002802836
0.000000000000 0.000000000000 0.000000000000 1.000000000000
2 37 60
0.351400168552 -0.597028048539 0.721162555045 -2.189634360612
0.326979147757 0.800044193517 0.503004895953 -0.909150502625
-0.877269946182 0.059049112422 0.476351386949 1.612209028191
0.000000000000 0.000000000000 0.000000000000 1.000000000000
2 38 60
-0.109798288898 -0.493930684164 0.862540906274 -2.245573372170
0.309047004343 0.807809742638 0.501929645275 -0.999419465425
-0.944687400605 0.321676699405 0.063951670797 1.845110084972
0.000000000000 0.000000000000 0.000000000000 1.000000000000
2 39 60
-0.439040232070 -0.314424137433 0.841653810318 -2.300030232475
0.275027299927 0.844766809242 0.459052308891 -0.791733916506
-0.855338330088 0.433020207153 -0.284411394425 1.710965882533
0.000000000000 0.000000000000 0.000000000000 1.000000000000
2 40 60
1.000000000000 0.000000000000 0.000000000000 0.000000000000
0.000000000000 1.000000000000 0.000000000000 0.000000000000
0.000000000000 0.000000000000 1.000000000000 0.000000000000
0.000000000000 0.000000000000 0.000000000000 1.000000000000
2 41 60
0.004921282983 0.989675115462 0.143244360480 -0.228796944082
-0.939612932236 0.053596394788 -0.338016218606 -0.153194999546
-0.342203621472 -0.132930780112 0.930175300226 0.228978968637
0.000000000000 0.000000000000 0.000000000000 1.000000000000
2 42 60
1.000000000000 0.000000000000 0.000000000000 0.000000000000
0.000000000000 1.000000000000 0.000000000000 0.000000000000
0.000000000000 0.000000000000 1.000000000000 0.000000000000
0.000000000000 0.000000000000 0.000000000000 1.000000000000
2 43 60
1.000000000000 0.000000000000 0.000000000000 0.000000000000
0.000000000000 1.000000000000 0.000000000000 0.000000000000
0.000000000000 0.000000000000 1.000000000000 0.000000000000
0.000000000000 0.000000000000 0.000000000000 1.000000000000
2 44 60
1.000000000000 0.000000000000 0.000000000000 0.000000000000
0.000000000000 1.000000000000 0.000000000000 0.000000000000
0.000000000000 0.000000000000 1.000000000000 0.000000000000
0.000000000000 0.000000000000 0.000000000000 1.000000000000
2 45 60
1.000000000000 0.000000000000 0.000000000000 0.000000000000
0.000000000000 1.000000000000 0.000000000000 0.000000000000
