0 1 38
0.998699842025 -0.002362728285 -0.050921930967 -0.063123791885
0.003142547962 0.999878935141 0.015239404652 0.128561797183
0.050879759538 -0.015379615629 0.998586359557 0.475923238594
0.000000000000 0.000000000000 0.000000000000 1.000000000000
0 2 38
1.000000000000 0.000000000000 0.000000000000 0.000000000000
0.000000000000 1.000000000000 0.000000000000 0.000000000000
0.000000000000 0.000000000000 1.000000000000 0.000000000000
0.000000000000 0.000000000000 0.000000000000 1.000000000000
0 3 38
1.000000000000 0.000000000000 0.000000000000 0.000000000000
0.000000000000 1.000000000000 0.000000000000 0.000000000000
0.000000000000 0.000000000000 1.000000000000 0.000000000000
0.000000000000 0.000000000000 0.000000000000 1.000000000000
0 4 38
0.234647919146 -0.049008681522 -0.970844221889 0.465267173865
-0.003732750796 0.998675500269 -0.051315803937 0.660769430423
0.972073258871 0.015665066155 0.234154190845 2.023758221317
0.000000000000 0.000000000000 0.000000000000 1.000000000000
0 5 38
-0.270218263041 -0.822552267286 -0.500389706031 0.448019449871
-0.372532620382 -0.389918254375 0.842130157194 -0.639846416877
-0.887807150833 0.413970436731 -0.201064518108 3.586944034963
0.000000000000 0.000000000000 0.000000000000 1.000000000000
0 6 38
0.758366246823 0.149097622821 -0.634547503776 1.075384767672
-0.011270141532 0.976341879150 0.215938692520 -0.065361798851
0.651731247976 -0.156609175614 0.742105077819 2.405731588778
0.000000000000 0.000000000000 0.000000000000 1.000000000000
0 7 38
-0.706525191401 0.664669059328 0.242975709666 -1.466170659874
0.452962893324 0.688523884815 -0.566356316563 2.967716634067
-0.543734099709 -0.290086024503 -0.787529889719 4.934561474895
0.000000000000 0.000000000000 0.000000000000 1.000000000000
0 8 38
0.302270754564 0.200461895044 -0.931905263195 2.142148535306
-0.134959407883 0.976788827895 0.166341648194 -0.557319213467
0.943619811767 0.075489167009 0.322308914715 2.888816556363
0.000000000000 0.000000000000 0.000000000000 1.000000000000
0 9 38
-0.176768670123 0.048436440984 -0.983059890570 2.173528538326
0.060523343175 0.997433191688 0.038261639399 -0.016054931874
0.982389821911 -0.052734612006 -0.179246474171 2.972411936464
0.000000000000 0.000000000000 0.000000000000 1.000000000000
0 10 38
0.055293843770 0.997519220850 0.043565983009 -2.502126214279
-0.993213229891 0.050478852875 0.104782466954 -0.753259527193
0.102323363948 -0.049064136056 0.993540457024 0.062221924076
0.000000000000 0.000000000000 0.000000000000 1.000000000000
0 11 38
0.924034866536 -0.204724226442 0.322873901909 -1.841500092073
0.189906157813 0.978769224775 0.077113266419 0.042186000615
-0.331805992488 -0.009939604674 0.943295281239 0.907919428115
0.000000000000 0.000000000000 0.000000000000 1.000000000000
0 12 38
0.264732294060 -0.951968866961 -0.153857365174 0.303228661389
0.959190763237 0.276387736791 -0.059690021544 0.471557246071
0.099347331128 -0.131776687195 0.986288503689 0.290445581633
0.000000000000 0.000000000000 0.000000000000 1.000000000000
0 13 38
-0.574538436303 -0.705102401717 0.415615433187 -0.810248376773
0.790218550244 -0.610144553327 0.057256151598 0.601166864938
0.213214042833 0.361322884880 0.907736495246 0.352450065363
0.000000000000 0.000000000000 0.000000000000 1.000000000000
0 14 38
1.000000000000 0.000000000000 0.000000000000 0.000000000000
0.000000000000 1.000000000000 0.000000000000 0.000000000000
0.000000000000 0.000000000000 1.000000000000 0.000000000000
0.000000000000 0.000000000000 0.000000000000 1.000000000000
0 15 38
1.000000000000 0.000000000000 0.000000000000 0.000000000000
0.000000000000 1.000000000000 0.000000000000 0.000000000000
0.000000000000 0.000000000000 1.000000000000 0.000000000000
0.000000000000 0.000000000000 0.000000000000 1.000000000000
0 16 38
1.000000000000 0.000000000000 0.000000000000 0.000000000000
0.000000000000 1.000000000000 0.000000000000 0.000000000000
0.000000000000 0.000000000000 1.000000000000 0.000000000000
0.000000000000 0.000000000000 0.000000000000 1.000000000000
0 17 38
1.000000000000 0.000000000000 0.000000000000 0.000000000000
0.000000000000 1.000000000000 0.000000000000 0.000000000000
0.000000000000 0.000000000000 1.000000000000 0.000000000000
0.000000000000 0.000000000000 0.000000000000 1.000000000000
0 18 38
1.000000000000 0.000000000000 0.000000000000 0.000000000000
0.000000000000 1.000000000000 0.000000000000 0.000000000000
0.000000000000 0.000000000000 1.000000000000 0.000000000000
0.000000000000 0.000000000000 0.000000000000 1.000000000000
0 19 38
-0.107975116656 -0.978158183891 0.177617401935 -0.971457218480
0.985153107966 -0.081289468338 0.151213015984 0.370725341970
-0.133471824924 0.191307578586 0.972412814769 0.725528238806
0.000000000000 0.000000000000 0.000000000000 1.000000000000
0 20 38
-0.979161180597 0.127503304531 -0.158070521430 -0.700624892824
0.121500720973 0.991472592012 0.047113417324 0.140129529546
0.162729706000 0.026925947010 -0.986303217151 5.149528352735
0.000000000000 0.000000000000 0.000000000000 1.000000000000
0 21 38
-0.218093621775 0.493116177251 0.842182645199 -2.416466682341
-0.199720611889 0.822140409387 -0.533101139034 1.486481573344
-0.955273180471 -0.284467191406 -0.080818114838 2.233388944585
0.000000000000 0.000000000000 0.000000000000 1.000000000000
0 22 38
0.045913714757 -0.021185621344 -0.998720731859 1.923197610697
-0.998851632418 -0.014672498054 -0.045608488434 0.220475287879
-0.013687483828 0.999667888476 -0.021834961354 2.583233884813
0.000000000000 0.000000000000 0.000000000000 1.000000000000
0 23 38
1.000000000000 0.000000000000 0.000000000000 0.000000000000
0.000000000000 1.000000000000 0.000000000000 0.000000000000
0.000000000000 0.000000000000 1.000000000000 0.000000000000
0.000000000000 0.000000000000 0.000000000000 1.000000000000
0 24 38
0.081601604462 -0.933666421133 -0.348723661654 -0.050576292951
-0.308070548367 0.309127250627 -0.899740451546 2.129339200722
0.947857434100 0.180851754119 -0.262409846716 3.678622451285
0.000000000000 0.000000000000 0.000000000000 1.000000000000
0 25 38
1.000000000000 0.000000000000 0.000000000000 0.000000000000
0.000000000000 1.000000000000 0.000000000000 0.000000000000
0.000000000000 0.000000000000 1.000000000000 0.000000000000
0.000000000000 0.000000000000 0.000000000000 1.000000000000
0 26 38
0.059212398487 0.990881379092 0.121028857859 -2.160649562750
0.931886506194 -0.011401680235 -0.362570739665 -0.359603865887
-0.357884662201 0.134253842616 -0.924064107248 5.631991417854
0.000000000000 0.000000000000 0.000000000000 1.000000000000
0 27 38
0.943111686178 0.082478503039 -0.322083287258 1.261639492664
-0.001199145460 0.969578744914 0.244776672624 -0.038735552403
0.332473922954 -0.230465515744 0.914519948721 0.477846747841
0.000000000000 0.000000000000 0.000000000000 1.000000000000
0 28 38
0.964252640539 0.103100844670 -0.244104610857 1.229461412043
-0.057684796518 0.980782395212 0.186382288570 -0.001803016091
0.258629676302 -0.165638489097 0.951669365623 0.957559143223
0.000000000000 0.000000000000 0.000000000000 1.000000000000
0 29 38
0.255440500861 0.670698094104 -0.696357822592 1.871924881674
0.885315388809 0.127189811004 0.447257659873 -1.033134821971
0.388544479897 -0.730744017110 -0.561289914927 4.302729016254
0.000000000000 0.000000000000 0.000000000000 1.000000000000
0 30 38
1.000000000000 0.000000000000 0.000000000000 0.000000000000
0.000000000000 1.000000000000 0.000000000000 0.000000000000
0.000000000000 0.000000000000 1.000000000000 0.000000000000
0.000000000000 0.000000000000 0.000000000000 1.000000000000
0 31 38
1.000000000000 0.000000000000 0.000000000000 0.000000000000
0.000000000000 1.000000000000 0.000000000000 0.000000000000
0.000000000000 0.000000000000 1.000000000000 0.000000000000
0.000000000000 0.000000000000 0.000000000000 1.000000000000
0 32 38
-0.397739115480 0.513672493022 -0.760226391235 1.858801911988
-0.917064168483 -0.197079673430 0.346630802448 0.076085037542
0.028229539535 0.835045012100 0.549456932675 2.534364931400
0.000000000000 0.000000000000 0.000000000000 1.000000000000
0 33 38
1.000000000000 0.000000000000 0.000000000000 0.000000000000
0.000000000000 1.000000000000 0.000000000000 0.000000000000
0.000000000000 0.000000000000 1.000000000000 0.000000000000
0.000000000000 0.000000000000 0.000000000000 1.000000000000
0 34 38
-0.926636181384 -0.122040057007 0.355600354099 -1.925929669514
0.370533099075 -0.456572020724 0.808855495365 -1.462265533213
0.063644401476 0.881276468753 0.468296034345 2.640057302541
0.000000000000 0.000000000000 0.000000000000 1.000000000000
0 35 38
1.000000000000 0.000000000000 0.000000000000 0.000000000000
0.000000000000 1.000000000000 0.000000000000 0.000000000000
0.000000000000 0.000000000000 1.000000000000 0.000000000000
0.000000000000 0.000000000000 0.000000000000 1.000000000000
0 36 38
1.000000000000 0.000000000000 0.000000000000 0.000000000000
0.000000000000 1.000000000000 0.000000000000 0.000000000000
0.000000000000 0.000000000000 1.000000000000 0.000000000000
0.000000000000 0.000000000000 0.000000000000 1.000000000000
0 37 38
1.000000000000 0.000000000000 0.000000000000 0.000000000000
0.000000000000 1.000000000000 0.000000000000 0.000000000000
0.000000000000 0.000000000000 1.000000000000 0.000000000000
0.000000000000 0.000000000000 0.000000000000 1.000000000000
1 2 38
0.999422351073 -0.033422012143 0.006158999953 -0.066100102144
0.033262971885 0.999150408357 0.024331793630 0.020821185838
-0.006966984820 -0.024112871753 0.999684965646 0.874795550187
0.000000000000 0.000000000000 0.000000000000 1.000000000000
1 3 38
0.234589882060 -0.068012453342 0.969712273525 -3.910368043350
0.725015840147 0.676746808289 -0.127928843530 -0.364612205775
-0.647548931565 0.733067571006 0.208068059941 2.934442764040
0.000000000000 0.000000000000 0.000000000000 1.000000000000
1 4 38
0.997427595637 -0.045521418089 -0.055371400179 0.391298288678
0.021728201447 -0.544120141277 0.838725912988 -0.964935726923
-0.068308687036 -0.837771491728 -0.541731345709 3.901994029618
0.000000000000 0.000000000000 0.000000000000 1.000000000000
1 5 38
0.825624021747 0.105688374917 -0.554233653004 0.911283656952
0.015313877840 0.977739993186 0.209260581260 -0.176425725562
0.564012818880 -0.181258029150 0.805627126534 2.649121932168
0.000000000000 0.000000000000 0.000000000000 1.000000000000
1 6 38
0.566106377109 0.079180095025 -0.820520616651 1.372207945406
0.025989288319 0.993166970667 0.113771372800 -0.057140591538
0.823922403318 -0.085731446552 0.560180321309 2.643252854426
0.000000000000 0.000000000000 0.000000000000 1.000000000000
1 7 38
0.253552415218 -0.050056094568 -0.966025651902 1.826661103109
0.010883075257 0.998744630776 -0.048895001471 0.047662419340
0.967260425847 0.001884115845 0.253778877564 2.719277913763
0.000000000000 0.000000000000 0.000000000000 1.000000000000
1 8 38
-0.108651708846 0.007595344550 -0.994050862333 2.084596151722
-0.028504174772 0.999535836757 0.010752816353 -0.244961189356
0.993671131806 0.029502911384 -0.108384777688 3.160066990358
0.000000000000 0.000000000000 0.000000000000 1.000000000000
1 9 38
-0.231525504265 0.047188386834 -0.971683691858 2.419008740885
0.101270661617 0.994565274047 0.024169583253 -0.182433735746
0.967543380924 -0.092807175407 -0.235046025754 2.701818829095
0.000000000000 0.000000000000 0.000000000000 1.000000000000
1 10 38
-0.451076714689 0.138671501113 -0.881646194482 2.359987658916
0.086612239346 0.989994143712 0.111399799874 -0.339106209658
0.888272546835 -0.026111495471 -0.458573955152 3.108336376222
0.000000000000 0.000000000000 0.000000000000 1.000000000000
1 11 38
0.081231205265 -0.069743511501 0.994252148046 -2.565483817653
0.176277343544 0.982828402023 0.054540171716 -0.043547695612
-0.980983072965 0.170833763587 0.092130536602 2.683825802297
0.000000000000 0.000000000000 0.000000000000 1.000000000000
1 12 38
-0.917571417021 0.293544407016 0.268131265943 -0.280381283605
-0.327252872141 -0.940630604204 -0.090108956886 1.472724295391
0.225761494374 -0.170428130146 0.959159006689 0.398174816815
0.000000000000 0.000000000000 0.000000000000 1.000000000000
1 13 38
1.000000000000 0.000000000000 0.000000000000 0.000000000000
0.000000000000 1.000000000000 0.000000000000 0.000000000000
0.000000000000 0.000000000000 1.000000000000 0.000000000000
0.000000000000 0.000000000000 0.000000000000 1.000000000000
1 14 38
0.140064787491 -0.021596964408 0.989906776638 -4.017287296946
0.899669804165 0.420285794659 -0.118127449315 0.136670515679
-0.413492561939 0.907134731964 0.078297377254 3.305625345495
0.000000000000 0.000000000000 0.000000000000 1.000000000000
1 15 38
0.179329033561 -0.082804917177 0.980298140064 -3.874167983466
0.728953577029 0.680344510671 -0.075881679850 0.030917607590
-0.660657082198 0.728199624067 0.182366464159 3.037335037636
0.000000000000 0.000000000000 0.000000000000 1.000000000000
1 16 38
1.000000000000 0.000000000000 0.000000000000 0.000000000000
0.000000000000 1.000000000000 0.000000000000 0.000000000000
0.000000000000 0.000000000000 1.000000000000 0.000000000000
0.000000000000 0.000000000000 0.000000000000 1.000000000000
1 17 38
0.491740713888 0.011101174271 0.870670910411 -3.321448606325
0.863449735704 -0.135352208670 -0.485936552980 0.289569733259
0.112452764390 0.990735354945 -0.076143497708 3.227041996286
0.000000000000 0.000000000000 0.000000000000 1.000000000000
1 18 38
1.000000000000 0.000000000000 0.000000000000 0.000000000000
0.000000000000 1.000000000000 0.000000000000 0.000000000000
0.000000000000 0.000000000000 1.000000000000 0.000000000000
0.000000000000 0.000000000000 0.000000000000 1.000000000000
1 19 38
-0.154131003193 -0.967925403614 0.198403747175 -0.840920643674
0.955046402720 -0.094481779831 0.280997441148 -0.139816838111
-0.253239022479 0.232795202525 0.938976246332 0.179622077898
0.000000000000 0.000000000000 0.000000000000 1.000000000000
1 20 38
1.000000000000 0.000000000000 0.000000000000 0.000000000000
0.000000000000 1.000000000000 0.000000000000 0.000000000000
0.000000000000 0.000000000000 1.000000000000 0.000000000000
0.000000000000 0.000000000000 0.000000000000 1.000000000000
1 21 38
0.710132892849 0.663071654369 0.236743016087 0.132582663324
-0.410916716889 0.117282515092 0.904097485582 -1.298225809593
0.571715599119 -0.739311025770 0.355753398999 3.318371028061
0.000000000000 0.000000000000 0.000000000000 1.000000000000
1 22 38
1.000000000000 0.000000000000 0.000000000000 0.000000000000
0.000000000000 1.000000000000 0.000000000000 0.000000000000
0.000000000000 0.000000000000 1.000000000000 0.000000000000
0.000000000000 0.000000000000 0.000000000000 1.000000000000
1 23 38
-0.687919943968 0.453083671954 0.566993242376 -1.880018183414
-0.688613226041 -0.654259067371 -0.312660994825 1.340592265206
0.229298878351 -0.605524779817 0.762077269977 1.031500736231
0.000000000000 0.000000000000 0.000000000000 1.000000000000
1 24 38
-0.241152632467 0.192040581747 -0.951296916224 1.304914048813
-0.392696641406 -0.915703040428 -0.085307031244 0.675193727675
-0.887487890443 0.352999088828 0.296237890223 2.448531871477
0.000000000000 0.000000000000 0.000000000000 1.000000000000
1 25 38
-0.421156017639 0.736311263425 -0.529597330204 0.337418986311
-0.180392403714 -0.640243659958 -0.746690455654 1.970519502173
-0.888867925785 -0.218937843316 0.402467428838 2.183454991149
0.000000000000 0.000000000000 0.000000000000 1.000000000000
1 26 38
1.000000000000 0.000000000000 0.000000000000 0.000000000000
0.000000000000 1.000000000000 0.000000000000 0.000000000000
0.000000000000 0.000000000000 1.000000000000 0.000000000000
0.000000000000 0.000000000000 0.000000000000 1.000000000000
1 27 38
0.947854274359 0.043038794016 -0.315784636722 1.416097044834
0.018784644497 0.981572648241 0.190163806642 -0.018783512095
0.318149983044 -0.186179479092 0.929579361784 -0.034299458170
0.000000000000 0.000000000000 0.000000000000 1.000000000000
1 28 38
0.999648053218 0.012505275059 -0.023396320072 0.897828051732
-0.008624944547 0.987216842779 0.159149350188 -0.059559537110
0.025087447634 -0.158891546124 0.986977252292 0.208073629620
0.000000000000 0.000000000000 0.000000000000 1.000000000000
1 29 38
1.000000000000 0.000000000000 0.000000000000 0.000000000000
0.000000000000 1.000000000000 0.000000000000 0.000000000000
0.000000000000 0.000000000000 1.000000000000 0.000000000000
0.000000000000 0.000000000000 0.000000000000 1.000000000000
1 30 38
1.000000000000 0.000000000000 0.000000000000 0.000000000000
0.000000000000 1.000000000000 0.000000000000 0.000000000000
0.000000000000 0.000000000000 1.000000000000 0.000000000000
0.000000000000 0.000000000000 0.000000000000 1.000000000000
1 31 38
1.000000000000 0.000000000000 0.000000000000 0.000000000000
0.000000000000 1.000000000000 0.000000000000 0.000000000000
0.000000000000 0.000000000000 1.000000000000 0.000000000000
0.000000000000 0.000000000000 0.000000000000 1.000000000000
1 32 38
1.000000000000 0.000000000000 0.000000000000 0.000000000000
0.000000000000 1.000000000000 0.000000000000 0.000000000000
0.000000000000 0.000000000000 1.000000000000 0.000000000000
0.000000000000 0.000000000000 0.000000000000 1.000000000000
1 33 38
0.865459265652 -0.497816894590 -0.056201414189 -0.228087566811
-0.312614789033 -0.624305874102 0.715900949322 -1.764219042345
-0.391474460437 -0.602013716640 -0.695936226822 4.061998805803
0.000000000000 0.000000000000 0.000000000000 1.000000000000
1 34 38
-0.207714594502 -0.655371201371 0.726184023264 -2.825113530691
-0.909146349595 0.403301753945 0.103925984642 0.411785416101
-0.360981387678 -0.638620610126 -0.679599995639 4.203887847638
0.000000000000 0.000000000000 0.000000000000 1.000000000000
1 35 38
1.000000000000 0.000000000000 0.000000000000 0.000000000000
0.000000000000 1.000000000000 0.000000000000 0.000000000000
0.000000000000 0.000000000000 1.000000000000 0.000000000000
0.000000000000 0.000000000000 0.000000000000 1.000000000000
1 36 38
1.000000000000 0.000000000000 0.000000000000 0.000000000000
0.000000000000 1.000000000000 0.000000000000 0.000000000000
0.000000000000 0.000000000000 1.000000000000 0.000000000000
0.000000000000 0.000000000000 0.000000000000 1.000000000000
1 37 38
1.000000000000 0.000000000000 0.000000000000 0.000000000000
0.000000000000 1.000000000000 0.000000000000 0.000000000000
0.000000000000 0.000000000000 1.000000000000 0.000000000000
0.000000000000 0.000000000000 0.000000000000 1.000000000000
2 3 38
0.999589840514 -0.020117178435 -0.020382587478 0.206125543369
0.020438002452 0.999668534276 0.015655977559 -0.038211973883
0.020060877255 -0.016066135484 0.999669665687 0.752077361718
0.000000000000 0.000000000000 0.000000000000 1.000000000000
2 4 38
0.972736117488 0.026975128921 -0.230340591634 0.681093190367
-0.008508701494 0.996694815084 0.080790145339 -0.127922575820
0.231758597971 -0.076627592972 0.969750568065 1.282581137481
0.000000000000 0.000000000000 0.000000000000 1.000000000000
2 5 38
0.828276813872 0.092772027436 -0.552585622802 1.012092770718
-0.017359162676 0.989973291841 0.140183953838 -0.191460061039
0.560050157641 -0.106518694922 0.821582368700 1.752223981768
0.000000000000 0.000000000000 0.000000000000 1.000000000000
2 6 38
0.540323691705 0.175925945455 -0.822861087850 1.479381930790
-0.102870370437 0.984375355011 0.142908527852 -0.278539274735
0.835145493354 0.007431161580 0.549978893021 1.831099496507
0.000000000000 0.000000000000 0.000000000000 1.000000000000
2 7 38
0.173936617639 0.149705310051 -0.973311036199 1.919559960922
-0.076036393624 0.987468005469 0.138294631206 -0.492003161104
0.981816948259 0.049952560677 0.183139896780 2.110883291186
0.000000000000 0.000000000000 0.000000000000 1.000000000000
2 8 38
0.109501475326 0.075090145459 -0.991146254070 2.133074871765
-0.050779513240 0.996262990701 0.069867692066 -0.511561567237
0.992688706462 0.042679308973 0.112905308330 1.797932569487
0.000000000000 0.000000000000 0.000000000000 1.000000000000
2 9 38
-0.210180223444 -0.055442057125 -0.976089366797 2.473520045046
0.079623504042 0.994103411245 -0.073610497593 -0.008476391760
0.974414886625 -0.093191126474 -0.204526386242 1.739569809984
0.000000000000 0.000000000000 0.000000000000 1.000000000000
2 10 38
-0.308254765550 0.024240756437 -0.950994944909 2.447935134328
0.107753286374 0.994131441609 -0.009586765876 -0.130102581563
0.945181585089 -0.105427996906 -0.309057775630 1.837903216932
0.000000000000 0.000000000000 0.000000000000 1.000000000000
2 11 38
1.000000000000 0.000000000000 0.000000000000 0.000000000000
0.000000000000 1.000000000000 0.000000000000 0.000000000000
0.000000000000 0.000000000000 1.000000000000 0.000000000000
0.000000000000 0.000000000000 0.000000000000 1.000000000000
2 12 38
1.000000000000 0.000000000000 0.000000000000 0.000000000000
0.000000000000 1.000000000000 0.000000000000 0.000000000000
0.000000000000 0.000000000000 1.000000000000 0.000000000000
0.000000000000 0.000000000000 0.000000000000 1.000000000000
2 13 38
0.975509586800 -0.000268413438 0.219956754874 -2.734175096782
0.021309256944 0.995410729620 -0.093291987472 0.245951966994
-0.218922273031 0.095694343157 0.971038429239 0.299414112234
0.000000000000 0.000000000000 0.000000000000 1.000000000000
2 14 38
-0.818655677776 0.110038756261 0.563643817820 -0.852180237502
-0.102809267557 0.937533835611 -0.332356076504 0.754055643270
-0.565007199733 -0.330032997147 -0.756204393696 5.803988551394
0.000000000000 0.000000000000 0.000000000000 1.000000000000
2 15 38
0.987250334509 -0.109953810472 -0.115095336890 0.493504384144
0.119137759139 0.989949497695 0.076198335682 -0.520569484934
0.105560273581 -0.088939032916 0.990427623335 0.604219429948
0.000000000000 0.000000000000 0.000000000000 1.000000000000
2 16 38
0.997173368199 0.051166346504 0.055020711926 0.264804845527
-0.031479822700 0.949431213934 -0.312393006916 0.386521021669
-0.068222390153 0.309777944651 0.948358228988 1.252615116374
0.000000000000 0.000000000000 0.000000000000 1.000000000000
2 17 38
-0.667749739426 0.683151858674 0.295658288378 -1.087162842673
-0.737390621412 -0.552737785833 -0.388247358737 1.375466639103
-0.101810397065 -0.477267721622 0.872840286047 0.633674068975
0.000000000000 0.000000000000 0.000000000000 1.000000000000
2 18 38
0.838371544092 0.527010909791 -0.139257513324 1.631957511913
-0.390084218321 0.758491632404 0.522039027459 -1.484848774274
0.380745921414 -0.383340507297 0.841476439832 1.377178654001
0.000000000000 0.000000000000 0.000000000000 1.000000000000
2 19 38
1.000000000000 0.000000000000 0.000000000000 0.000000000000
0.000000000000 1.000000000000 0.000000000000 0.000000000000
0.000000000000 0.000000000000 1.000000000000 0.000000000000
0.000000000000 0.000000000000 0.000000000000 1.000000000000
2 20 38
1.000000000000 0.000000000000 0.000000000000 0.000000000000
0.000000000000 1.000000000000 0.000000000000 0.000000000000
0.000000000000 0.000000000000 1.000000000000 0.000000000000
0.000000000000 0.000000000000 0.000000000000 1.000000000000
2 21 38
1.000000000000 0.000000000000 0.000000000000 0.000000000000
0.000000000000 1.000000000000 0.000000000000 0.000000000000
0.000000000000 0.000000000000 1.000000000000 0.000000000000
0.000000000000 0.000000000000 0.000000000000 1.000000000000
2 22 38
1.000000000000 0.000000000000 0.000000000000 0.000000000000
0.000000000000 1.000000000000 0.000000000000 0.000000000000
0.000000000000 0.000000000000 1.000000000000 0.000000000000
0.000000000000 0.000000000000 0.000000000000 1.000000000000
2 23 38
1.000000000000 0.000000000000 0.000000000000 0.000000000000
0.000000000000 1.000000000000 0.000000000000 0.000000000000
0.000000000000 0.000000000000 1.000000000000 0.000000000000
0.000000000000 0.000000000000 0.000000000000 1.000000000000
2 24 38
1.000000000000 0.000000000000 0.000000000000 0.000000000000
0.000000000000 1.000000000000 0.000000000000 0.000000000000
0.000000000000 0.000000000000 1.000000000000 0.000000000000
0.000000000000 0.000000000000 0.000000000000 1.000000000000
2 25 38
1.000000000000 0.000000000000 0.000000000000 0.000000000000
0.000000000000 1.000000000000 0.000000000000 0.000000000000
0.000000000000 0.000000000000 1.000000000000 0.000000000000
0.000000000000 0.000000000000 0.000000000000 1.000000000000
2 26 38
1.000000000000 0.000000000000 0.000000000000 0.000000000000
0.000000000000 1.000000000000 0.000000000000 0.000000000000
0.000000000000 0.000000000000 1.000000000000 0.000000000000
0.000000000000 0.000000000000 0.000000000000 1.000000000000
2 27 38
0.855084456209 0.219323031607 -0.469816964952 2.021289032162
-0.008724201413 0.912085451043 0.409907328924 -0.882313625240
0.518415336444 -0.346406607619 0.781823510223 -0.348159121881
0.000000000000 0.000000000000 0.000000000000 1.000000000000
2 28 38
0.802136569914 0.100145921551 -0.588683036619 2.388936753482
-0.054052112637 0.993966488090 0.095441027206 0.005827355050
0.594689240130 -0.044737176389 0.802709967997 0.410636092138
0.000000000000 0.000000000000 0.000000000000 1.000000000000
2 29 38
1.000000000000 0.000000000000 0.000000000000 0.000000000000
0.000000000000 1.000000000000 0.000000000000 0.000000000000
0.000000000000 0.000000000000 1.000000000000 0.000000000000
0.000000000000 0.000000000000 0.000000000000 1.000000000000
2 30 38
0.512831358217 0.543291627925 0.664709113113 -0.699431500215
-0.453592751988 0.828852998523 -0.327500110205 0.294479282895
-0.728874209568 -0.133554909556 0.671494953637 0.402440289455
0.000000000000 0.000000000000 0.000000000000 1.000000000000
2 31 38
1.000000000000 0.000000000000 0.000000000000 0.000000000000
0.000000000000 1.000000000000 0.000000000000 0.000000000000
0.000000000000 0.000000000000 1.000000000000 0.000000000000
0.000000000000 0.000000000000 0.000000000000 1.000000000000
2 32 38
1.000000000000 0.000000000000 0.000000000000 0.000000000000
0.000000000000 1.000000000000 0.000000000000 0.000000000000
0.000000000000 0.000000000000 1.000000000000 0.000000000000
0.000000000000 0.000000000000 0.000000000000 1.000000000000
2 33 38
1.000000000000 0.000000000000 0.000000000000 0.000000000000
0.000000000000 1.000000000000 0.000000000000 0.000000000000
0.000000000000 0.000000000000 1.000000000000 0.000000000000
0.000000000000 0.000000000000 0.000000000000 1.000000000000
2 34 38
1.000000000000 0.000000000000 0.000000000000 0.000000000000
0.000000000000 1.000000000000 0.000000000000 0.000000000000
0.000000000000 0.000000000000 1.000000000000 0.000000000000
0.000000000000 0.000000000000 0.000000000000 1.000000000000
2 35 38
1.000000000000 0.000000000000 0.000000000000 0.000000000000
0.000000000000 1.000000000000 0.000000000000 0.000000000000
0.000000000000 0.000000000000 1.000000000000 0.000000000000
0.000000000000 0.000000000000 0.000000000000 1.000000000000
2 36 38
1.000000000000 0.000000000000 0.000000000000 0.000000000000
0.000000000000 1.000000000000 0.000000000000 0.000000000000
0.000000000000 0.000000000000 1.000000000000 0.000000000000
0.000000000000 0.000000000000 0.000000000000 1.000000000000
2 37 38
1.000000000000 0.000000000000 0.000000000000 0.000000000000
0.000000000000 1.000000000000 0.000000000000 0.000000000000
0.000000000000 0.000000000000 1.000000000000 0.000000000000
0.000000000000 0.000000000000 0.000000000000 1.000000000000
3 4 38
0.977884254181 -0.005770063160 -0.209067194452 0.485197434767
0.015500505628 0.998869710446 0.044933683124 -0.066042213125
0.208571617796 -0.047180588434 0.976868400720 0.531508539592
0.000000000000 0.000000000000 0.000000000000 1.000000000000
3 5 38
0.825505574984 0.102045043179 -0.555092203902 0.831455118753
-0.047094578808 0.992543346454 0.112426892054 -0.185453235813
0.562425680705 -0.066667192627 0.824155834239 1.045440827581
0.000000000000 0.000000000000 0.000000000000 1.000000000000
3 6 38
0.552490048360 0.106877332099 -0.826638967353 1.252786098265
-0.068580202945 0.994211404666 0.082706944062 -0.132608396139
0.830693386411 0.010996304619 0.556621576170 1.099642227496
0.000000000000 0.000000000000 0.000000000000 1.000000000000
3 7 38
0.283973689599 0.028719127538 -0.958401875692 1.598493247876
-0.040290122543 0.999025905178 0.017998522404 -0.212531914110
0.957985203247 0.033503022203 0.284854169466 1.105900545280
0.000000000000 0.000000000000 0.000000000000 1.000000000000
3 8 38
0.174010301400 0.002525246706 -0.984740594337 1.856687077396
-0.040683946583 0.999161352476 -0.004626900647 -0.264569812934
0.983903060010 0.040868262114 0.173967105094 0.881316039686
0.000000000000 0.000000000000 0.000000000000 1.000000000000
3 9 38
0.844629637605 -0.192594396160 -0.499507931715 1.608574945260
-0.176976040631 -0.981039119079 0.079004606694 -0.825253532058
-0.505252665823 0.021671303698 -0.862699309305 6.021926481367
0.000000000000 0.000000000000 0.000000000000 1.000000000000
3 10 38
1.000000000000 0.000000000000 0.000000000000 0.000000000000
0.000000000000 1.000000000000 0.000000000000 0.000000000000
0.000000000000 0.000000000000 1.000000000000 0.000000000000
0.000000000000 0.000000000000 0.000000000000 1.000000000000
3 11 38
1.000000000000 0.000000000000 0.000000000000 0.000000000000
0.000000000000 1.000000000000 0.000000000000 0.000000000000
0.000000000000 0.000000000000 1.000000000000 0.000000000000
0.000000000000 0.000000000000 0.000000000000 1.000000000000
3 12 38
1.000000000000 0.000000000000 0.000000000000 0.000000000000
0.000000000000 1.000000000000 0.000000000000 0.000000000000
0.000000000000 0.000000000000 1.000000000000 0.000000000000
0.000000000000 0.000000000000 0.000000000000 1.000000000000
3 13 38
0.330403164211 -0.209837105264 -0.920218527489 1.964898280372
-0.117756991147 0.958190483532 -0.260776318527 0.473480565326
0.936465183611 0.194523485787 0.291879381529 0.972724035539
0.000000000000 0.000000000000 0.000000000000 1.000000000000
3 14 38
-0.370678080997 -0.904799539218 0.209608096453 -0.073682314935
0.791867132844 -0.425821519405 -0.437747047430 0.263559583392
0.485328964920 0.003718526855 0.874323720579 -0.098565779094
0.000000000000 0.000000000000 0.000000000000 1.000000000000
3 15 38
-0.551575324414 0.407236605584 0.727958109076 -1.366951810843
-0.830787364669 -0.346207243390 -0.435812917810 1.937989342397
0.074545396928 -0.845162050554 0.529286398938 1.633210599884
0.000000000000 0.000000000000 0.000000000000 1.000000000000
3 16 38
0.996658049975 -0.001366749135 0.081675353795 0.358722069135
-0.001218638343 0.999499972278 0.031596207637 -0.188019759748
-0.081677697943 -0.031590147408 0.996158027747 -0.129502256959
0.000000000000 0.000000000000 0.000000000000 1.000000000000
3 17 38
0.865975414036 -0.125873962772 -0.483985875602 1.529717709177
0.061480136147 0.987259620093 -0.146760469451 0.011450319514
0.496293033545 0.097335440772 0.862681306639 0.379109683498
0.000000000000 0.000000000000 0.000000000000 1.000000000000
3 18 38
0.962002830474 -0.184073007218 -0.201662297355 1.132572367799
0.244784399023 0.908632368601 0.338330927830 -0.910821002917
0.120959299582 -0.374839094473 0.919165110902 0.520189003875
0.000000000000 0.000000000000 0.000000000000 1.000000000000
3 19 38
0.021200748493 0.846339551578 0.532221656548 -1.433931193994
-0.972309129780 0.141376216097 -0.186085253764 0.093746648429
-0.232734794153 -0.513538829065 0.825900954493 0.799083540145
0.000000000000 0.000000000000 0.000000000000 1.000000000000
3 20 38
0.944350969504 -0.325021155986 0.050621088089 1.113956505367
-0.047801466834 0.016659918069 0.998717911574 -2.301868007266
-0.325447793304 -0.945559990319 0.000196321772 3.543455185132
0.000000000000 0.000000000000 0.000000000000 1.000000000000
3 21 38
0.035074371258 0.941352181334 0.335597763967 -0.395265955633
-0.976730267591 0.103383319113 -0.187909216648 2.251569405457
-0.211583961710 -0.321197696174 0.923073272887 0.460239932797
0.000000000000 0.000000000000 0.000000000000 1.000000000000
3 22 38
0.853205998496 -0.133551456264 -0.504186009980 1.571078608831
-0.307640430557 0.651747064358 -0.693241032821 0.624068112723
0.421185101370 0.746585408798 0.514988677306 0.662830853654
0.000000000000 0.000000000000 0.000000000000 1.000000000000
3 23 38
1.000000000000 0.000000000000 0.000000000000 0.000000000000
0.000000000000 1.000000000000 0.000000000000 0.000000000000
0.000000000000 0.000000000000 1.000000000000 0.000000000000
0.000000000000 0.000000000000 0.000000000000 1.000000000000
3 24 38
1.000000000000 0.000000000000 0.000000000000 0.000000000000
0.000000000000 1.000000000000 0.000000000000 0.000000000000
0.000000000000 0.000000000000 1.000000000000 0.000000000000
0.000000000000 0.000000000000 0.000000000000 1.000000000000
3 25 38
0.756339176467 0.361880084410 -0.544971425534 0.564661766618
-0.408610095488 0.911899079819 0.038442919903 -0.739571537020
0.510870668571 0.193604939845 0.837572854897 1.353042006986
0.000000000000 0.000000000000 0.000000000000 1.000000000000
3 26 38
0.968529640159 0.059126900570 -0.241773335509 1.512346560720
-0.182783248278 0.828282952677 -0.529658035390 1.201577102579
0.168939694219 0.557181622034 0.813023997053 0.109703563581
0.000000000000 0.000000000000 0.000000000000 1.000000000000
3 27 38
0.616721740662 -0.087886541842 -0.782259707742 3.196696155462
-0.781822923870 0.047365189506 -0.621698845530 2.160552590190
0.091690840901 0.995003766117 -0.039500570993 2.289163575300
0.000000000000 0.000000000000 0.000000000000 1.000000000000
3 28 38
0.497689868914 -0.098107108285 0.861788715222 -2.073770068562
0.669257586999 0.675453715888 -0.309607105761 1.192420334526
-0.551723732156 0.730846955934 0.401825397876 0.818145348802
0.000000000000 0.000000000000 0.000000000000 1.000000000000
3 29 38
1.000000000000 0.000000000000 0.000000000000 0.000000000000
0.000000000000 1.000000000000 0.000000000000 0.000000000000
0.000000000000 0.000000000000 1.000000000000 0.000000000000
0.000000000000 0.000000000000 0.000000000000 1.000000000000
3 30 38
0.930301461091 0.040187582381 0.364587643392 0.853662499503
-0.043806653983 0.999038652140 0.001657889623 -0.333393354335
-0.364170521265 -0.017513701879 0.931167601288 -0.757266363119
0.000000000000 0.000000000000 0.000000000000 1.000000000000
3 31 38
1.000000000000 0.000000000000 0.000000000000 0.000000000000
0.000000000000 1.000000000000 0.000000000000 0.000000000000
0.000000000000 0.000000000000 1.000000000000 0.000000000000
0.000000000000 0.000000000000 0.000000000000 1.000000000000
3 32 38
1.000000000000 0.000000000000 0.000000000000 0.000000000000
0.000000000000 1.000000000000 0.000000000000 0.000000000000
0.000000000000 0.000000000000 1.000000000000 0.000000000000
0.000000000000 0.000000000000 0.000000000000 1.000000000000
3 33 38
-0.979500174469 0.200859642231 0.015323587642 2.152622429705
0.195246782070 0.927897243726 0.317624619917 -0.938205428676
0.049579252784 0.314105251801 -0.948092710912 4.231298762663
0.000000000000 0.000000000000 0.000000000000 1.000000000000
3 34 38
1.000000000000 0.000000000000 0.000000000000 0.000000000000
0.000000000000 1.000000000000 0.000000000000 0.000000000000
0.000000000000 0.000000000000 1.000000000000 0.000000000000
0.000000000000 0.000000000000 0.000000000000 1.000000000000
3 35 38
1.000000000000 0.000000000000 0.000000000000 0.000000000000
0.000000000000 1.000000000000 0.000000000000 0.000000000000
0.000000000000 0.000000000000 1.000000000000 0.000000000000
0.000000000000 0.000000000000 0.000000000000 1.000000000000
3 36 38
0.804285854248 0.058227942731 0.591382931223 -1.732177934613
0.260874665295 0.859563892311 -0.439424992510 1.131409911436
-0.533918227506 0.507700129723 0.676144884337 -0.110309690955
0.000000000000 0.000000000000 0.000000000000 1.000000000000
3 37 38
1.000000000000 0.000000000000 0.000000000000 0.000000000000
0.000000000000 1.000000000000 0.000000000000 0.000000000000
0.000000000000 0.000000000000 1.000000000000 0.000000000000
0.000000000000 0.000000000000 0.000000000000 1.000000000000
4 5 38
0.932232608176 0.077004779478 -0.353571249100 0.431403435118
-0.061430323767 0.996590415372 0.055080480296 -0.129970532677
0.356607178243 -0.029627823499 0.933784510741 0.406572128947
0.000000000000 0.000000000000 0.000000000000 1.000000000000
4 6 38
0.730630631692 0.169758628517 -0.661332660677 0.827618230092
-0.139296056296 0.985287308538 0.099022867738 -0.189648209230
0.668412663505 0.019771891125 0.743527796109 0.351751444736
0.000000000000 0.000000000000 0.000000000000 1.000000000000
4 7 38
0.491087364502 0.134428354768 -0.860675442813 1.199644116400
-0.149256979399 0.986394967721 0.068900810998 -0.290770081431
0.858228148296 0.094625499152 0.504470475234 0.292928650643
0.000000000000 0.000000000000 0.000000000000 1.000000000000
4 8 38
0.412025179459 0.062054976898 -0.909056891143 1.341354528213
-0.156470658704 0.987676414123 -0.003497706472 -0.203015540203
0.897637000383 0.143681873693 0.416657334888 -0.028623908560
0.000000000000 0.000000000000 0.000000000000 1.000000000000
4 9 38
0.672658405410 -0.095449113426 -0.733771174398 2.250626189195
0.069257476613 -0.979170991641 0.190860082424 -1.352889354624
-0.736704874128 -0.179202778650 -0.652037033120 5.002314775427
0.000000000000 0.000000000000 0.000000000000 1.000000000000
4 10 38
0.967352179584 0.059111410355 0.246445940970 -1.265289537297
-0.034396152743 0.994043419337 -0.103414627345 0.965172070858
-0.251090950318 0.091561572934 0.963623273396 -0.812499016341
0.000000000000 0.000000000000 0.000000000000 1.000000000000
4 11 38
1.000000000000 0.000000000000 0.000000000000 0.000000000000
0.000000000000 1.000000000000 0.000000000000 0.000000000000
0.000000000000 0.000000000000 1.000000000000 0.000000000000
0.000000000000 0.000000000000 0.000000000000 1.000000000000
4 12 38
-0.946456623512 -0.070493021695 0.315040622306 -0.970307728348
-0.262933078948 -0.397895305032 -0.878945687872 3.115545362440
0.187312721954 -0.914718568810 0.358055699673 1.854159697965
0.000000000000 0.000000000000 0.000000000000 1.000000000000
4 13 38
1.000000000000 0.000000000000 0.000000000000 0.000000000000
0.000000000000 1.000000000000 0.000000000000 0.000000000000
0.000000000000 0.000000000000 1.000000000000 0.000000000000
0.000000000000 0.000000000000 0.000000000000 1.000000000000
4 14 38
-0.367109608824 -0.813738453670 0.450622085708 -0.692757778989
0.747229804715 -0.546501867663 -0.378131362872 0.229448733860
0.553965841957 0.197902596395 0.808675712684 -0.481496302905
0.000000000000 0.000000000000 0.000000000000 1.000000000000
4 15 38
-0.020170640794 -0.830332905102 0.556902515666 -1.189056764762
-0.282658266313 0.539027653401 0.793444070715 -1.960166832303
-0.959008576466 -0.141408824244 -0.245572992594 3.926464483806
0.000000000000 0.000000000000 0.000000000000 1.000000000000
4 16 38
1.000000000000 0.000000000000 0.000000000000 0.000000000000
0.000000000000 1.000000000000 0.000000000000 0.000000000000
0.000000000000 0.000000000000 1.000000000000 0.000000000000
0.000000000000 0.000000000000 0.000000000000 1.000000000000
4 17 38
-0.319675169605 -0.302718590497 -0.897869278295 2.501498972321
-0.901513389177 -0.194536099879 0.386560881336 -1.660970661405
-0.291687152740 0.933015091417 -0.210716501762 2.723314545989
0.000000000000 0.000000000000 0.000000000000 1.000000000000
4 18 38
-0.625822850151 0.520612902228 -0.580782202088 0.996520797522
-0.752995642143 -0.209163654724 0.623897530414 -2.085396482289
0.203330576015 0.827775797892 0.522918641168 0.321828162743
0.000000000000 0.000000000000 0.000000000000 1.000000000000
4 19 38
0.586339203539 -0.177411844805 0.790399503869 -0.606603539698
-0.744652253574 0.266074414534 0.612125336167 -2.043544646820
-0.318903370381 -0.947485853854 0.023899730255 2.638328969760
0.000000000000 0.000000000000 0.000000000000 1.000000000000
4 20 38
-0.965019024406 0.195332777531 -0.174881069749 0.183807584372
0.147940102660 0.956384997728 0.251875886390 -0.856085484656
0.216453247976 0.217193098744 -0.951827268625 4.685467753499
0.000000000000 0.000000000000 0.000000000000 1.000000000000
4 21 38
0.318919980936 0.074516744557 0.944847765802 -2.378351330525
-0.152889210659 0.987893154169 -0.026305991896 0.136574475298
-0.935368876446 -0.136067522672 0.326451672151 2.204701370802
0.000000000000 0.000000000000 0.000000000000 1.000000000000
4 22 38
1.000000000000 0.000000000000 0.000000000000 0.000000000000
0.000000000000 1.000000000000 0.000000000000 0.000000000000
