0 1 60
0.995736257393 -0.013239263931 0.091290895511 0.022076688422
0.022025008909 0.995145893454 -0.095914283209 -0.091484517305
-0.089577925268 0.097516012180 0.991194442414 -0.003171632115
0.000000000000 0.000000000000 0.000000000000 1.000000000000
0 2 60
0.951997901843 -0.136561414342 0.273954330136 0.117830190132
0.129435196791 0.990610676219 0.044011566567 -0.076767169575
-0.277392366007 -0.006439586396 0.960735138843 -0.167251027496
0.000000000000 0.000000000000 0.000000000000 1.000000000000
0 3 60
0.937811748801 0.006805731356 -0.347077521358 0.118415462912
-0.062508608762 0.986776245663 -0.149550375544 -0.189839293413
0.341470053799 0.161945432216 0.925835773419 -0.073647179104
0.000000000000 0.000000000000 0.000000000000 1.000000000000
0 4 60
1.000000000000 0.000000000000 0.000000000000 0.000000000000
0.000000000000 1.000000000000 0.000000000000 0.000000000000
0.000000000000 0.000000000000 1.000000000000 0.000000000000
0.000000000000 0.000000000000 0.000000000000 1.000000000000
0 5 60
1.000000000000 0.000000000000 0.000000000000 0.000000000000
0.000000000000 1.000000000000 0.000000000000 0.000000000000
0.000000000000 0.000000000000 1.000000000000 0.000000000000
0.000000000000 0.000000000000 0.000000000000 1.000000000000
0 6 60
1.000000000000 0.000000000000 0.000000000000 0.000000000000
0.000000000000 1.000000000000 0.000000000000 0.000000000000
0.000000000000 0.000000000000 1.000000000000 0.000000000000
0.000000000000 0.000000000000 0.000000000000 1.000000000000
0 7 60
1.000000000000 0.000000000000 0.000000000000 0.000000000000
0.000000000000 1.000000000000 0.000000000000 0.000000000000
0.000000000000 0.000000000000 1.000000000000 0.000000000000
0.000000000000 0.000000000000 0.000000000000 1.000000000000
0 8 60
1.000000000000 0.000000000000 0.000000000000 0.000000000000
0.000000000000 1.000000000000 0.000000000000 0.000000000000
0.000000000000 0.000000000000 1.000000000000 0.000000000000
0.000000000000 0.000000000000 0.000000000000 1.000000000000
0 9 60
1.000000000000 0.000000000000 0.000000000000 0.000000000000
0.000000000000 1.000000000000 0.000000000000 0.000000000000
0.000000000000 0.000000000000 1.000000000000 0.000000000000
0.000000000000 0.000000000000 0.000000000000 1.000000000000
0 10 60
-0.742456612434 -0.638002377006 0.204233066831 0.259254278336
-0.535613000521 0.382261662178 -0.752990528029 0.807245091314
0.402339275147 -0.668452682367 -0.625535066252 3.508530384185
0.000000000000 0.000000000000 0.000000000000 1.000000000000
0 11 60
1.000000000000 0.000000000000 0.000000000000 0.000000000000
0.000000000000 1.000000000000 0.000000000000 0.000000000000
0.000000000000 0.000000000000 1.000000000000 0.000000000000
0.000000000000 0.000000000000 0.000000000000 1.000000000000
0 12 60
-0.004725858598 -0.959775136555 0.280730036710 -0.559377586382
0.779205399983 0.172417346111 0.602587091960 -0.916565248722
-0.626750836375 0.221594101932 0.747047149176 1.065098380672
0.000000000000 0.000000000000 0.000000000000 1.000000000000
0 13 60
1.000000000000 0.000000000000 0.000000000000 0.000000000000
0.000000000000 1.000000000000 0.000000000000 0.000000000000
0.000000000000 0.000000000000 1.000000000000 0.000000000000
0.000000000000 0.000000000000 0.000000000000 1.000000000000
0 14 60
1.000000000000 0.000000000000 0.000000000000 0.000000000000
0.000000000000 1.000000000000 0.000000000000 0.000000000000
0.000000000000 0.000000000000 1.000000000000 0.000000000000
0.000000000000 0.000000000000 0.000000000000 1.000000000000
0 15 60
1.000000000000 0.000000000000 0.000000000000 0.000000000000
0.000000000000 1.000000000000 0.000000000000 0.000000000000
0.000000000000 0.000000000000 1.000000000000 0.000000000000
0.000000000000 0.000000000000 0.000000000000 1.000000000000
0 16 60
1.000000000000 0.000000000000 0.000000000000 0.000000000000
0.000000000000 1.000000000000 0.000000000000 0.000000000000
0.000000000000 0.000000000000 1.000000000000 0.000000000000
0.000000000000 0.000000000000 0.000000000000 1.000000000000
0 17 60
1.000000000000 0.000000000000 0.000000000000 0.000000000000
0.000000000000 1.000000000000 0.000000000000 0.000000000000
0.000000000000 0.000000000000 1.000000000000 0.000000000000
0.000000000000 0.000000000000 0.000000000000 1.000000000000
0 18 60
-0.217698538759 -0.734352710769 -0.642910135562 1.457888455740
-0.328894098540 0.675378139432 -0.660070481633 2.157198396234
0.918931998663 0.067752970149 -0.388553106883 2.712446709315
0.000000000000 0.000000000000 0.000000000000 1.000000000000
0 19 60
0.199267321801 -0.563393198765 -0.801798377429 1.373361618337
0.978744707288 0.073935776699 0.191291136436 0.004798648783
-0.048490539461 -0.822873990663 0.566151095622 1.582522633107
0.000000000000 0.000000000000 0.000000000000 1.000000000000
0 20 60
1.000000000000 0.000000000000 0.000000000000 0.000000000000
0.000000000000 1.000000000000 0.000000000000 0.000000000000
0.000000000000 0.000000000000 1.000000000000 0.000000000000
0.000000000000 0.000000000000 0.000000000000 1.000000000000
0 21 60
-0.640397355830 -0.537495116102 0.548625762076 -0.899107863799
0.382449722921 0.396292282244 0.834676366307 -0.748022699930
-0.666050625766 0.744346308650 -0.048219671460 2.280308120941
0.000000000000 0.000000000000 0.000000000000 1.000000000000
0 22 60
1.000000000000 0.000000000000 0.000000000000 0.000000000000
0.000000000000 1.000000000000 0.000000000000 0.000000000000
0.000000000000 0.000000000000 1.000000000000 0.000000000000
0.000000000000 0.000000000000 0.000000000000 1.000000000000
0 23 60
1.000000000000 0.000000000000 0.000000000000 0.000000000000
0.000000000000 1.000000000000 0.000000000000 0.000000000000
0.000000000000 0.000000000000 1.000000000000 0.000000000000
0.000000000000 0.000000000000 0.000000000000 1.000000000000
0 24 60
1.000000000000 0.000000000000 0.000000000000 0.000000000000
0.000000000000 1.000000000000 0.000000000000 0.000000000000
0.000000000000 0.000000000000 1.000000000000 0.000000000000
0.000000000000 0.000000000000 0.000000000000 1.000000000000
0 25 60
1.000000000000 0.000000000000 0.000000000000 0.000000000000
0.000000000000 1.000000000000 0.000000000000 0.000000000000
0.000000000000 0.000000000000 1.000000000000 0.000000000000
0.000000000000 0.000000000000 0.000000000000 1.000000000000
0 26 60
1.000000000000 0.000000000000 0.000000000000 0.000000000000
0.000000000000 1.000000000000 0.000000000000 0.000000000000
0.000000000000 0.000000000000 1.000000000000 0.000000000000
0.000000000000 0.000000000000 0.000000000000 1.000000000000
0 27 60
1.000000000000 0.000000000000 0.000000000000 0.000000000000
0.000000000000 1.000000000000 0.000000000000 0.000000000000
0.000000000000 0.000000000000 1.000000000000 0.000000000000
0.000000000000 0.000000000000 0.000000000000 1.000000000000
0 28 60
1.000000000000 0.000000000000 0.000000000000 0.000000000000
0.000000000000 1.000000000000 0.000000000000 0.000000000000
0.000000000000 0.000000000000 1.000000000000 0.000000000000
0.000000000000 0.000000000000 0.000000000000 1.000000000000
0 29 60
1.000000000000 0.000000000000 0.000000000000 0.000000000000
0.000000000000 1.000000000000 0.000000000000 0.000000000000
0.000000000000 0.000000000000 1.000000000000 0.000000000000
0.000000000000 0.000000000000 0.000000000000 1.000000000000
0 30 60
1.000000000000 0.000000000000 0.000000000000 0.000000000000
0.000000000000 1.000000000000 0.000000000000 0.000000000000
0.000000000000 0.000000000000 1.000000000000 0.000000000000
0.000000000000 0.000000000000 0.000000000000 1.000000000000
0 31 60
1.000000000000 0.000000000000 0.000000000000 0.000000000000
0.000000000000 1.000000000000 0.000000000000 0.000000000000
0.000000000000 0.000000000000 1.000000000000 0.000000000000
0.000000000000 0.000000000000 0.000000000000 1.000000000000
0 32 60
1.000000000000 0.000000000000 0.000000000000 0.000000000000
0.000000000000 1.000000000000 0.000000000000 0.000000000000
0.000000000000 0.000000000000 1.000000000000 0.000000000000
0.000000000000 0.000000000000 0.000000000000 1.000000000000
0 33 60
-0.034741767888 0.310605545166 -0.949903787168 1.786488617375
-0.321454661696 0.896495266994 0.304898567938 -0.786622282663
0.946287435211 0.315943715824 0.068699769964 1.722223475633
0.000000000000 0.000000000000 0.000000000000 1.000000000000
0 34 60
-0.133160562594 0.470070568186 -0.872526174676 1.926474834683
-0.983796651321 -0.169331415357 0.058915368308 -1.597362738931
-0.120051711439 0.866233532425 0.485002117400 2.252671791080
0.000000000000 0.000000000000 0.000000000000 1.000000000000
0 35 60
1.000000000000 0.000000000000 0.000000000000 0.000000000000
0.000000000000 1.000000000000 0.000000000000 0.000000000000
0.000000000000 0.000000000000 1.000000000000 0.000000000000
0.000000000000 0.000000000000 0.000000000000 1.000000000000
0 36 60
0.231841992205 -0.511178801967 0.827614356491 -1.808372192869
0.308505058638 0.845513309079 0.435811740279 -1.045898632607
-0.922536676477 0.154283753486 0.353726736288 1.814094597916
0.000000000000 0.000000000000 0.000000000000 1.000000000000
0 37 60
0.061209731622 -0.683540495671 0.727341570057 -1.379009942722
0.391176912689 0.686841488640 0.612559705222 -1.211409111235
-0.918277731263 0.247024614686 0.309426643981 1.864478900866
0.000000000000 0.000000000000 0.000000000000 1.000000000000
0 38 60
-0.316853004703 -0.530713681892 0.786096152683 -1.329355917595
0.277108001488 0.740840600251 0.611854852503 -1.237021528455
-0.907091687164 0.411701582305 -0.087672562444 1.964479785006
0.000000000000 0.000000000000 0.000000000000 1.000000000000
0 39 60
1.000000000000 0.000000000000 0.000000000000 0.000000000000
0.000000000000 1.000000000000 0.000000000000 0.000000000000
0.000000000000 0.000000000000 1.000000000000 0.000000000000
0.000000000000 0.000000000000 0.000000000000 1.000000000000
0 40 60
-0.875704048020 -0.117372968877 0.468365248987 -1.213909450082
0.229784201094 0.751818986457 0.618035138589 -0.998582393965
-0.424666505872 0.648838807239 -0.631400475935 2.406816849713
0.000000000000 0.000000000000 0.000000000000 1.000000000000
0 41 60
-0.962314084002 -0.153949125251 0.224167951693 -1.277587990203
0.053073223786 0.702154226219 0.710044136318 -1.122615986027
-0.266711148340 0.695182788508 -0.667522324656 2.741065038592
0.000000000000 0.000000000000 0.000000000000 1.000000000000
0 42 60
1.000000000000 0.000000000000 0.000000000000 0.000000000000
0.000000000000 1.000000000000 0.000000000000 0.000000000000
0.000000000000 0.000000000000 1.000000000000 0.000000000000
0.000000000000 0.000000000000 0.000000000000 1.000000000000
0 43 60
0.043992874885 -0.553183844584 0.831896785094 -2.820722723947
-0.734835923726 0.546215659624 0.402075388930 -0.429521459921
-0.676816660670 -0.628996094799 -0.382469764252 3.774631791980
0.000000000000 0.000000000000 0.000000000000 1.000000000000
0 44 60
1.000000000000 0.000000000000 0.000000000000 0.000000000000
0.000000000000 1.000000000000 0.000000000000 0.000000000000
0.000000000000 0.000000000000 1.000000000000 0.000000000000
0.000000000000 0.000000000000 0.000000000000 1.000000000000
0 45 60
1.000000000000 0.000000000000 0.000000000000 0.000000000000
0.000000000000 1.000000000000 0.000000000000 0.000000000000
0.000000000000 0.000000000000 1.000000000000 0.000000000000
0.000000000000 0.000000000000 0.000000000000 1.000000000000
0 46 60
1.000000000000 0.000000000000 0.000000000000 0.000000000000
0.000000000000 1.000000000000 0.000000000000 0.000000000000
0.000000000000 0.000000000000 1.000000000000 0.000000000000
0.000000000000 0.000000000000 0.000000000000 1.000000000000
0 47 60
1.000000000000 0.000000000000 0.000000000000 0.000000000000
0.000000000000 1.000000000000 0.000000000000 0.000000000000
0.000000000000 0.000000000000 1.000000000000 0.000000000000
0.000000000000 0.000000000000 0.000000000000 1.000000000000
0 48 60
-0.126743038450 -0.537585644628 0.833629340231 -2.091869275954
0.931530696389 -0.353297763573 -0.086204709501 0.615644570249
0.340861795879 0.765625473025 0.545555561942 1.382790305567
0.000000000000 0.000000000000 0.000000000000 1.000000000000
0 49 60
1.000000000000 0.000000000000 0.000000000000 0.000000000000
0.000000000000 1.000000000000 0.000000000000 0.000000000000
0.000000000000 0.000000000000 1.000000000000 0.000000000000
0.000000000000 0.000000000000 0.000000000000 1.000000000000
0 50 60
0.293284300897 -0.301907977340 0.907103021749 -2.436051586153
0.273758273734 0.935616375918 0.222886528702 -0.825794911877
-0.915991662849 0.182957837584 0.357051401422 2.556709277532
0.000000000000 0.000000000000 0.000000000000 1.000000000000
0 51 60
1.000000000000 0.000000000000 0.000000000000 0.000000000000
0.000000000000 1.000000000000 0.000000000000 0.000000000000
0.000000000000 0.000000000000 1.000000000000 0.000000000000
0.000000000000 0.000000000000 0.000000000000 1.000000000000
0 52 60
1.000000000000 0.000000000000 0.000000000000 0.000000000000
0.000000000000 1.000000000000 0.000000000000 0.000000000000
0.000000000000 0.000000000000 1.000000000000 0.000000000000
0.000000000000 0.000000000000 0.000000000000 1.000000000000
0 53 60
-0.754740429169 -0.430416785300 0.495084109531 0.239423348551
0.093393431057 0.676491619739 0.730504452730 -1.574197277283
-0.649341629355 0.597578847815 -0.470377475047 3.763139845165
0.000000000000 0.000000000000 0.000000000000 1.000000000000
0 54 60
1.000000000000 0.000000000000 0.000000000000 0.000000000000
0.000000000000 1.000000000000 0.000000000000 0.000000000000
0.000000000000 0.000000000000 1.000000000000 0.000000000000
0.000000000000 0.000000000000 0.000000000000 1.000000000000
0 55 60
1.000000000000 0.000000000000 0.000000000000 0.000000000000
0.000000000000 1.000000000000 0.000000000000 0.000000000000
0.000000000000 0.000000000000 1.000000000000 0.000000000000
0.000000000000 0.000000000000 0.000000000000 1.000000000000
0 56 60
1.000000000000 0.000000000000 0.000000000000 0.000000000000
0.000000000000 1.000000000000 0.000000000000 0.000000000000
0.000000000000 0.000000000000 1.000000000000 0.000000000000
0.000000000000 0.000000000000 0.000000000000 1.000000000000
0 57 60
1.000000000000 0.000000000000 0.000000000000 0.000000000000
0.000000000000 1.000000000000 0.000000000000 0.000000000000
0.000000000000 0.000000000000 1.000000000000 0.000000000000
0.000000000000 0.000000000000 0.000000000000 1.000000000000
0 58 60
1.000000000000 0.000000000000 0.000000000000 0.000000000000
0.000000000000 1.000000000000 0.000000000000 0.000000000000
0.000000000000 0.000000000000 1.000000000000 0.000000000000
0.000000000000 0.000000000000 0.000000000000 1.000000000000
0 59 60
1.000000000000 0.000000000000 0.000000000000 0.000000000000
0.000000000000 1.000000000000 0.000000000000 0.000000000000
0.000000000000 0.000000000000 1.000000000000 0.000000000000
0.000000000000 0.000000000000 0.000000000000 1.000000000000
1 2 60
0.977390165621 -0.123131018788 0.171893037553 0.157979529654
0.099361303231 0.985060841782 0.140650166756 -0.007939325892
-0.186643498593 -0.120390573553 0.975023237791 -0.148772010493
0.000000000000 0.000000000000 0.000000000000 1.000000000000
1 3 60
0.918594460096 -0.005946605246 -0.395156748351 0.012598893525
-0.017881744839 0.998237314694 -0.056590694937 -0.102645642143
0.394796733880 0.059049991008 0.916868931461 -0.080883004970
0.000000000000 0.000000000000 0.000000000000 1.000000000000
1 4 60
1.000000000000 0.000000000000 0.000000000000 0.000000000000
0.000000000000 1.000000000000 0.000000000000 0.000000000000
0.000000000000 0.000000000000 1.000000000000 0.000000000000
0.000000000000 0.000000000000 0.000000000000 1.000000000000
1 5 60
1.000000000000 0.000000000000 0.000000000000 0.000000000000
0.000000000000 1.000000000000 0.000000000000 0.000000000000
0.000000000000 0.000000000000 1.000000000000 0.000000000000
0.000000000000 0.000000000000 0.000000000000 1.000000000000
1 6 60
1.000000000000 0.000000000000 0.000000000000 0.000000000000
0.000000000000 1.000000000000 0.000000000000 0.000000000000
0.000000000000 0.000000000000 1.000000000000 0.000000000000
0.000000000000 0.000000000000 0.000000000000 1.000000000000
1 7 60
1.000000000000 0.000000000000 0.000000000000 0.000000000000
0.000000000000 1.000000000000 0.000000000000 0.000000000000
0.000000000000 0.000000000000 1.000000000000 0.000000000000
0.000000000000 0.000000000000 0.000000000000 1.000000000000
1 8 60
1.000000000000 0.000000000000 0.000000000000 0.000000000000
0.000000000000 1.000000000000 0.000000000000 0.000000000000
0.000000000000 0.000000000000 1.000000000000 0.000000000000
0.000000000000 0.000000000000 0.000000000000 1.000000000000
1 9 60
1.000000000000 0.000000000000 0.000000000000 0.000000000000
0.000000000000 1.000000000000 0.000000000000 0.000000000000
0.000000000000 0.000000000000 1.000000000000 0.000000000000
0.000000000000 0.000000000000 0.000000000000 1.000000000000
1 10 60
1.000000000000 0.000000000000 0.000000000000 0.000000000000
0.000000000000 1.000000000000 0.000000000000 0.000000000000
0.000000000000 0.000000000000 1.000000000000 0.000000000000
0.000000000000 0.000000000000 0.000000000000 1.000000000000
1 11 60
1.000000000000 0.000000000000 0.000000000000 0.000000000000
0.000000000000 1.000000000000 0.000000000000 0.000000000000
0.000000000000 0.000000000000 1.000000000000 0.000000000000
0.000000000000 0.000000000000 0.000000000000 1.000000000000
1 12 60
1.000000000000 0.000000000000 0.000000000000 0.000000000000
0.000000000000 1.000000000000 0.000000000000 0.000000000000
0.000000000000 0.000000000000 1.000000000000 0.000000000000
0.000000000000 0.000000000000 0.000000000000 1.000000000000
1 13 60
1.000000000000 0.000000000000 0.000000000000 0.000000000000
0.000000000000 1.000000000000 0.000000000000 0.000000000000
0.000000000000 0.000000000000 1.000000000000 0.000000000000
0.000000000000 0.000000000000 0.000000000000 1.000000000000
1 14 60
1.000000000000 0.000000000000 0.000000000000 0.000000000000
0.000000000000 1.000000000000 0.000000000000 0.000000000000
0.000000000000 0.000000000000 1.000000000000 0.000000000000
0.000000000000 0.000000000000 0.000000000000 1.000000000000
1 15 60
1.000000000000 0.000000000000 0.000000000000 0.000000000000
0.000000000000 1.000000000000 0.000000000000 0.000000000000
0.000000000000 0.000000000000 1.000000000000 0.000000000000
0.000000000000 0.000000000000 0.000000000000 1.000000000000
1 16 60
1.000000000000 0.000000000000 0.000000000000 0.000000000000
0.000000000000 1.000000000000 0.000000000000 0.000000000000
0.000000000000 0.000000000000 1.000000000000 0.000000000000
0.000000000000 0.000000000000 0.000000000000 1.000000000000
1 17 60
1.000000000000 0.000000000000 0.000000000000 0.000000000000
0.000000000000 1.000000000000 0.000000000000 0.000000000000
0.000000000000 0.000000000000 1.000000000000 0.000000000000
0.000000000000 0.000000000000 0.000000000000 1.000000000000
1 18 60
1.000000000000 0.000000000000 0.000000000000 0.000000000000
0.000000000000 1.000000000000 0.000000000000 0.000000000000
0.000000000000 0.000000000000 1.000000000000 0.000000000000
0.000000000000 0.000000000000 0.000000000000 1.000000000000
1 19 60
1.000000000000 0.000000000000 0.000000000000 0.000000000000
0.000000000000 1.000000000000 0.000000000000 0.000000000000
0.000000000000 0.000000000000 1.000000000000 0.000000000000
0.000000000000 0.000000000000 0.000000000000 1.000000000000
1 20 60
1.000000000000 0.000000000000 0.000000000000 0.000000000000
0.000000000000 1.000000000000 0.000000000000 0.000000000000
0.000000000000 0.000000000000 1.000000000000 0.000000000000
0.000000000000 0.000000000000 0.000000000000 1.000000000000
1 21 60
1.000000000000 0.000000000000 0.000000000000 0.000000000000
0.000000000000 1.000000000000 0.000000000000 0.000000000000
0.000000000000 0.000000000000 1.000000000000 0.000000000000
0.000000000000 0.000000000000 0.000000000000 1.000000000000
1 22 60
1.000000000000 0.000000000000 0.000000000000 0.000000000000
0.000000000000 1.000000000000 0.000000000000 0.000000000000
0.000000000000 0.000000000000 1.000000000000 0.000000000000
0.000000000000 0.000000000000 0.000000000000 1.000000000000
1 23 60
1.000000000000 0.000000000000 0.000000000000 0.000000000000
0.000000000000 1.000000000000 0.000000000000 0.000000000000
0.000000000000 0.000000000000 1.000000000000 0.000000000000
0.000000000000 0.000000000000 0.000000000000 1.000000000000
1 24 60
1.000000000000 0.000000000000 0.000000000000 0.000000000000
0.000000000000 1.000000000000 0.000000000000 0.000000000000
0.000000000000 0.000000000000 1.000000000000 0.000000000000
0.000000000000 0.000000000000 0.000000000000 1.000000000000
1 25 60
1.000000000000 0.000000000000 0.000000000000 0.000000000000
0.000000000000 1.000000000000 0.000000000000 0.000000000000
0.000000000000 0.000000000000 1.000000000000 0.000000000000
0.000000000000 0.000000000000 0.000000000000 1.000000000000
1 26 60
1.000000000000 0.000000000000 0.000000000000 0.000000000000
0.000000000000 1.000000000000 0.000000000000 0.000000000000
0.000000000000 0.000000000000 1.000000000000 0.000000000000
0.000000000000 0.000000000000 0.000000000000 1.000000000000
1 27 60
1.000000000000 0.000000000000 0.000000000000 0.000000000000
0.000000000000 1.000000000000 0.000000000000 0.000000000000
0.000000000000 0.000000000000 1.000000000000 0.000000000000
0.000000000000 0.000000000000 0.000000000000 1.000000000000
1 28 60
1.000000000000 0.000000000000 0.000000000000 0.000000000000
0.000000000000 1.000000000000 0.000000000000 0.000000000000
0.000000000000 0.000000000000 1.000000000000 0.000000000000
0.000000000000 0.000000000000 0.000000000000 1.000000000000
1 29 60
1.000000000000 0.000000000000 0.000000000000 0.000000000000
0.000000000000 1.000000000000 0.000000000000 0.000000000000
0.000000000000 0.000000000000 1.000000000000 0.000000000000
0.000000000000 0.000000000000 0.000000000000 1.000000000000
1 30 60
1.000000000000 0.000000000000 0.000000000000 0.000000000000
0.000000000000 1.000000000000 0.000000000000 0.000000000000
0.000000000000 0.000000000000 1.000000000000 0.000000000000
0.000000000000 0.000000000000 0.000000000000 1.000000000000
1 31 60
1.000000000000 0.000000000000 0.000000000000 0.000000000000
0.000000000000 1.000000000000 0.000000000000 0.000000000000
0.000000000000 0.000000000000 1.000000000000 0.000000000000
0.000000000000 0.000000000000 0.000000000000 1.000000000000
1 32 60
1.000000000000 0.000000000000 0.000000000000 0.000000000000
0.000000000000 1.000000000000 0.000000000000 0.000000000000
0.000000000000 0.000000000000 1.000000000000 0.000000000000
0.000000000000 0.000000000000 0.000000000000 1.000000000000
1 33 60
-0.042471897142 -0.467885600596 0.882767921205 -2.970358397053
0.115248472446 0.875372701166 0.469510834435 -0.761114635176
-0.992428298444 0.121678670311 0.016744361424 1.100837369820
0.000000000000 0.000000000000 0.000000000000 1.000000000000
1 34 60
0.424770569979 -0.397581448593 0.813325860043 -2.282513477163
0.149238771954 0.916864605636 0.370252729737 -0.783604923147
-0.892915310556 -0.035892710495 0.448791668269 1.400374148484
0.000000000000 0.000000000000 0.000000000000 1.000000000000
1 35 60
1.000000000000 0.000000000000 0.000000000000 0.000000000000
0.000000000000 1.000000000000 0.000000000000 0.000000000000
0.000000000000 0.000000000000 1.000000000000 0.000000000000
0.000000000000 0.000000000000 0.000000000000 1.000000000000
1 36 60
0.409123032680 -0.456347193720 0.790168072574 -2.013725982501
0.191399294104 0.889611182559 0.414678494840 -0.637925612026
-0.892179720879 -0.018416912082 0.451304955659 1.618887049333
0.000000000000 0.000000000000 0.000000000000 1.000000000000
1 37 60
0.134376627304 -0.686286081238 0.714810699930 -1.596897180039
0.234205680830 0.722911689537 0.650035682250 -0.941338946340
-0.962855451821 0.080063124033 0.257874533578 1.975015204713
0.000000000000 0.000000000000 0.000000000000 1.000000000000
1 38 60
-0.334086716687 -0.515657994325 0.788975854271 -1.608714019176
0.166142410241 0.791746897963 0.587821017900 -0.953795563099
-0.927783792299 0.327465543920 -0.178839459550 2.241153992114
0.000000000000 0.000000000000 0.000000000000 1.000000000000
1 39 60
-0.584656938263 -0.322896896925 0.744253893840 -1.709443168961
0.097623203482 0.882714425590 0.459657430047 -0.703454514800
-0.805385606205 0.341398355022 -0.484562883954 1.966463861727
0.000000000000 0.000000000000 0.000000000000 1.000000000000
1 40 60
1.000000000000 0.000000000000 0.000000000000 0.000000000000
0.000000000000 1.000000000000 0.000000000000 0.000000000000
0.000000000000 0.000000000000 1.000000000000 0.000000000000
0.000000000000 0.000000000000 0.000000000000 1.000000000000
1 41 60
1.000000000000 0.000000000000 0.000000000000 0.000000000000
0.000000000000 1.000000000000 0.000000000000 0.000000000000
0.000000000000 0.000000000000 1.000000000000 0.000000000000
0.000000000000 0.000000000000 0.000000000000 1.000000000000
1 42 60
1.000000000000 0.000000000000 0.000000000000 0.000000000000
0.000000000000 1.000000000000 0.000000000000 0.000000000000
0.000000000000 0.000000000000 1.000000000000 0.000000000000
0.000000000000 0.000000000000 0.000000000000 1.000000000000
1 43 60
1.000000000000 0.000000000000 0.000000000000 0.000000000000
0.000000000000 1.000000000000 0.000000000000 0.000000000000
0.000000000000 0.000000000000 1.000000000000 0.000000000000
0.000000000000 0.000000000000 0.000000000000 1.000000000000
1 44 60
1.000000000000 0.000000000000 0.000000000000 0.000000000000
0.000000000000 1.000000000000 0.000000000000 0.000000000000
0.000000000000 0.000000000000 1.000000000000 0.000000000000
0.000000000000 0.000000000000 0.000000000000 1.000000000000
1 45 60
1.000000000000 0.000000000000 0.000000000000 0.000000000000
0.000000000000 1.000000000000 0.000000000000 0.000000000000
0.000000000000 0.000000000000 1.000000000000 0.000000000000
0.000000000000 0.000000000000 0.000000000000 1.000000000000
1 46 60
1.000000000000 0.000000000000 0.000000000000 0.000000000000
0.000000000000 1.000000000000 0.000000000000 0.000000000000
0.000000000000 0.000000000000 1.000000000000 0.000000000000
0.000000000000 0.000000000000 0.000000000000 1.000000000000
1 47 60
0.937438556916 -0.094893915415 -0.334968799778 1.410869605362
0.096705404464 0.995248814961 -0.011307566733 0.208004836364
0.334450320309 -0.021793144225 0.942161367341 0.936478872150
0.000000000000 0.000000000000 0.000000000000 1.000000000000
1 48 60
0.736937848854 0.173936104234 -0.653198927258 1.422112576293
-0.182333238501 0.981658320734 0.055691394955 0.003672698766
0.650904906315 0.078058778995 0.755135504368 0.665135441833
0.000000000000 0.000000000000 0.000000000000 1.000000000000
1 49 60
1.000000000000 0.000000000000 0.000000000000 0.000000000000
0.000000000000 1.000000000000 0.000000000000 0.000000000000
0.000000000000 0.000000000000 1.000000000000 0.000000000000
0.000000000000 0.000000000000 0.000000000000 1.000000000000
1 50 60
-0.066074118036 -0.422269796351 0.904058864242 -2.466790554020
0.153637114314 0.890928827078 0.427365724159 -1.042245243414
-0.985915740838 0.167134808374 0.006008976491 3.887616511816
0.000000000000 0.000000000000 0.000000000000 1.000000000000
1 51 60
1.000000000000 0.000000000000 0.000000000000 0.000000000000
0.000000000000 1.000000000000 0.000000000000 0.000000000000
0.000000000000 0.000000000000 1.000000000000 0.000000000000
0.000000000000 0.000000000000 0.000000000000 1.000000000000
1 52 60
0.810552384677 -0.559507614120 0.173078194572 -0.279509612773
0.401041115201 0.314875790044 -0.860243721722 1.420444520216
0.426814779047 0.766684072213 0.479608880027 1.248512834239
0.000000000000 0.000000000000 0.000000000000 1.000000000000
1 53 60
1.000000000000 0.000000000000 0.000000000000 0.000000000000
0.000000000000 1.000000000000 0.000000000000 0.000000000000
0.000000000000 0.000000000000 1.000000000000 0.000000000000
0.000000000000 0.000000000000 0.000000000000 1.000000000000
1 54 60
1.000000000000 0.000000000000 0.000000000000 0.000000000000
0.000000000000 1.000000000000 0.000000000000 0.000000000000
0.000000000000 0.000000000000 1.000000000000 0.000000000000
0.000000000000 0.000000000000 0.000000000000 1.000000000000
1 55 60
1.000000000000 0.000000000000 0.000000000000 0.000000000000
0.000000000000 1.000000000000 0.000000000000 0.000000000000
0.000000000000 0.000000000000 1.000000000000 0.000000000000
0.000000000000 0.000000000000 0.000000000000 1.000000000000
1 56 60
1.000000000000 0.000000000000 0.000000000000 0.000000000000
0.000000000000 1.000000000000 0.000000000000 0.000000000000
0.000000000000 0.000000000000 1.000000000000 0.000000000000
0.000000000000 0.000000000000 0.000000000000 1.000000000000
1 57 60
0.578399864289 0.116810666521 -0.807346806012 2.641663588512
0.710379235172 -0.558649993653 0.428102238756 -0.702754891717
-0.401017380206 -0.821136683371 -0.406102952457 2.869191192869
0.000000000000 0.000000000000 0.000000000000 1.000000000000
1 58 60
1.000000000000 0.000000000000 0.000000000000 0.000000000000
0.000000000000 1.000000000000 0.000000000000 0.000000000000
0.000000000000 0.000000000000 1.000000000000 0.000000000000
0.000000000000 0.000000000000 0.000000000000 1.000000000000
1 59 60
1.000000000000 0.000000000000 0.000000000000 0.000000000000
0.000000000000 1.000000000000 0.000000000000 0.000000000000
0.000000000000 0.000000000000 1.000000000000 0.000000000000
0.000000000000 0.000000000000 0.000000000000 1.000000000000
2 3 60
0.819235605313 0.074051165991 -0.568655825437 -0.149883899482
-0.172240866648 0.977615733570 -0.120832782524 -0.081629276571
0.546979073497 0.196936289930 0.813652254261 0.045708527158
0.000000000000 0.000000000000 0.000000000000 1.000000000000
2 4 60
1.000000000000 0.000000000000 0.000000000000 0.000000000000
0.000000000000 1.000000000000 0.000000000000 0.000000000000
0.000000000000 0.000000000000 1.000000000000 0.000000000000
0.000000000000 0.000000000000 0.000000000000 1.000000000000
2 5 60
1.000000000000 0.000000000000 0.000000000000 0.000000000000
0.000000000000 1.000000000000 0.000000000000 0.000000000000
0.000000000000 0.000000000000 1.000000000000 0.000000000000
0.000000000000 0.000000000000 0.000000000000 1.000000000000
2 6 60
1.000000000000 0.000000000000 0.000000000000 0.000000000000
0.000000000000 1.000000000000 0.000000000000 0.000000000000
0.000000000000 0.000000000000 1.000000000000 0.000000000000
0.000000000000 0.000000000000 0.000000000000 1.000000000000
2 7 60
1.000000000000 0.000000000000 0.000000000000 0.000000000000
0.000000000000 1.000000000000 0.000000000000 0.000000000000
0.000000000000 0.000000000000 1.000000000000 0.000000000000
0.000000000000 0.000000000000 0.000000000000 1.000000000000
2 8 60
1.000000000000 0.000000000000 0.000000000000 0.000000000000
0.000000000000 1.000000000000 0.000000000000 0.000000000000
0.000000000000 0.000000000000 1.000000000000 0.000000000000
0.000000000000 0.000000000000 0.000000000000 1.000000000000
2 9 60
1.000000000000 0.000000000000 0.000000000000 0.000000000000
0.000000000000 1.000000000000 0.000000000000 0.000000000000
0.000000000000 0.000000000000 1.000000000000 0.000000000000
0.000000000000 0.000000000000 0.000000000000 1.000000000000
2 10 60
1.000000000000 0.000000000000 0.000000000000 0.000000000000
0.000000000000 1.000000000000 0.000000000000 0.000000000000
0.000000000000 0.000000000000 1.000000000000 0.000000000000
0.000000000000 0.000000000000 0.000000000000 1.000000000000
2 11 60
1.000000000000 0.000000000000 0.000000000000 0.000000000000
0.000000000000 1.000000000000 0.000000000000 0.000000000000
0.000000000000 0.000000000000 1.000000000000 0.000000000000
0.000000000000 0.000000000000 0.000000000000 1.000000000000
2 12 60
1.000000000000 0.000000000000 0.000000000000 0.000000000000
0.000000000000 1.000000000000 0.000000000000 0.000000000000
0.000000000000 0.000000000000 1.000000000000 0.000000000000
0.000000000000 0.000000000000 0.000000000000 1.000000000000
2 13 60
1.000000000000 0.000000000000 0.000000000000 0.000000000000
0.000000000000 1.000000000000 0.000000000000 0.000000000000
0.000000000000 0.000000000000 1.000000000000 0.000000000000
0.000000000000 0.000000000000 0.000000000000 1.000000000000
2 14 60
1.000000000000 0.000000000000 0.000000000000 0.000000000000
0.000000000000 1.000000000000 0.000000000000 0.000000000000
0.000000000000 0.000000000000 1.000000000000 0.000000000000
0.000000000000 0.000000000000 0.000000000000 1.000000000000
2 15 60
0.648640508658 0.022899473662 0.760750356315 -1.165817325574
0.248077762431 0.938598303217 -0.239772077159 0.611842040910
-0.719529647975 0.344251128254 0.603132030637 1.541411575533
0.000000000000 0.000000000000 0.000000000000 1.000000000000
2 16 60
1.000000000000 0.000000000000 0.000000000000 0.000000000000
0.000000000000 1.000000000000 0.000000000000 0.000000000000
0.000000000000 0.000000000000 1.000000000000 0.000000000000
0.000000000000 0.000000000000 0.000000000000 1.000000000000
2 17 60
0.923272101605 -0.205909824793 0.324298890611 -0.849467269104
-0.252409192494 -0.961566916576 0.108067869841 0.470817013410
0.289582848149 -0.181632070410 -0.939761440503 3.482047285747
0.000000000000 0.000000000000 0.000000000000 1.000000000000
2 18 60
1.000000000000 0.000000000000 0.000000000000 0.000000000000
0.000000000000 1.000000000000 0.000000000000 0.000000000000
0.000000000000 0.000000000000 1.000000000000 0.000000000000
0.000000000000 0.000000000000 0.000000000000 1.000000000000
2 19 60
1.000000000000 0.000000000000 0.000000000000 0.000000000000
0.000000000000 1.000000000000 0.000000000000 0.000000000000
0.000000000000 0.000000000000 1.000000000000 0.000000000000
0.000000000000 0.000000000000 0.000000000000 1.000000000000
2 20 60
1.000000000000 0.000000000000 0.000000000000 0.000000000000
0.000000000000 1.000000000000 0.000000000000 0.000000000000
0.000000000000 0.000000000000 1.000000000000 0.000000000000
0.000000000000 0.000000000000 0.000000000000 1.000000000000
2 21 60
1.000000000000 0.000000000000 0.000000000000 0.000000000000
0.000000000000 1.000000000000 0.000000000000 0.000000000000
0.000000000000 0.000000000000 1.000000000000 0.000000000000
0.000000000000 0.000000000000 0.000000000000 1.000000000000
2 22 60
1.000000000000 0.000000000000 0.000000000000 0.000000000000
0.000000000000 1.000000000000 0.000000000000 0.000000000000
0.000000000000 0.000000000000 1.000000000000 0.000000000000
0.000000000000 0.000000000000 0.000000000000 1.000000000000
2 23 60
1.000000000000 0.000000000000 0.000000000000 0.000000000000
0.000000000000 1.000000000000 0.000000000000 0.000000000000
0.000000000000 0.000000000000 1.000000000000 0.000000000000
0.000000000000 0.000000000000 0.000000000000 1.000000000000
2 24 60
1.000000000000 0.000000000000 0.000000000000 0.000000000000
0.000000000000 1.000000000000 0.000000000000 0.000000000000
0.000000000000 0.000000000000 1.000000000000 0.000000000000
0.000000000000 0.000000000000 0.000000000000 1.000000000000
2 25 60
1.000000000000 0.000000000000 0.000000000000 0.000000000000
0.000000000000 1.000000000000 0.000000000000 0.000000000000
0.000000000000 0.000000000000 1.000000000000 0.000000000000
0.000000000000 0.000000000000 0.000000000000 1.000000000000
2 26 60
-0.513083694451 0.554390891709 -0.655283039364 0.692536684895
0.809698377908 0.059270436575 -0.583845486547 1.035675673548
-0.284839708084 -0.830143213270 -0.479300100313 3.066534480667
0.000000000000 0.000000000000 0.000000000000 1.000000000000
2 27 60
0.924999654799 -0.254998381748 0.281693918868 -1.048660548231
0.039886828721 0.802431286936 0.595410002134 -0.892854491766
-0.377868600860 -0.539518169344 0.752419740193 1.336811087618
0.000000000000 0.000000000000 0.000000000000 1.000000000000
2 28 60
1.000000000000 0.000000000000 0.000000000000 0.000000000000
0.000000000000 1.000000000000 0.000000000000 0.000000000000
0.000000000000 0.000000000000 1.000000000000 0.000000000000
0.000000000000 0.000000000000 0.000000000000 1.000000000000
2 29 60
1.000000000000 0.000000000000 0.000000000000 0.000000000000
0.000000000000 1.000000000000 0.000000000000 0.000000000000
0.000000000000 0.000000000000 1.000000000000 0.000000000000
0.000000000000 0.000000000000 0.000000000000 1.000000000000
2 30 60
1.000000000000 0.000000000000 0.000000000000 0.000000000000
0.000000000000 1.000000000000 0.000000000000 0.000000000000
0.000000000000 0.000000000000 1.000000000000 0.000000000000
0.000000000000 0.000000000000 0.000000000000 1.000000000000
2 31 60
1.000000000000 0.000000000000 0.000000000000 0.000000000000
0.000000000000 1.000000000000 0.000000000000 0.000000000000
0.000000000000 0.000000000000 1.000000000000 0.000000000000
0.000000000000 0.000000000000 0.000000000000 1.000000000000
2 32 60
1.000000000000 0.000000000000 0.000000000000 0.000000000000
0.000000000000 1.000000000000 0.000000000000 0.000000000000
0.000000000000 0.000000000000 1.000000000000 0.000000000000
0.000000000000 0.000000000000 0.000000000000 1.000000000000
2 33 60
0.816044587909 -0.575633681900 0.052125759521 -0.072192250539
0.455883916116 0.696464243532 0.554172728044 -0.937198126379
-0.355304215526 -0.428466360106 0.830768013760 -0.301233989530
0.000000000000 0.000000000000 0.000000000000 1.000000000000
2 34 60
0.607124940732 -0.287488969356 0.740776213738 -2.744627322307
0.200148580604 0.957525601485 0.207569911553 -0.663835348117
-0.768986249567 0.022244437476 0.638878183207 0.996095137690
0.000000000000 0.000000000000 0.000000000000 1.000000000000
2 35 60
0.792472544736 -0.069453936766 0.605940109670 -2.921309174869
0.148434330201 0.985586386034 -0.081158642682 -0.725878526216
-0.591569535606 0.154258310415 0.791359499982 1.318459798202
0.000000000000 0.000000000000 0.000000000000 1.000000000000
2 36 60
0.630055250094 -0.342195704940 0.697088574968 -2.483159870164
0.242123269527 0.939490964769 0.242349024077 -0.539463848381
-0.737839212961 0.016088089947 0.674784757666 1.173276218349
0.000000000000 0.000000000000 0.000000000000 1.000000000000
2 37 60
0.353438118091 -0.608904134137 0.710152977964 -2.191824243890
0.339245895793 0.790901811211 0.509300056167 -0.952011858751
-0.871776186224 0.060910429764 0.486103076186 1.634387874467
0.000000000000 0.000000000000 0.000000000000 1.000000000000
2 38 60
-0.087195014604 -0.505335526650 0.858506281243 -2.222843535809
0.283474885352 0.813574704487 0.507679219187 -1.014454015422
-0.955007339659 0.287632066580 0.072310272242 1.775513325194
0.000000000000 0.000000000000 0.000000000000 1.000000000000
2 39 60
-0.418320399076 -0.358757094197 0.834446757487 -2.233878365416
0.383345660789 0.763127641316 0.520271378622 -0.791030466381
-0.823440433833 0.537521674375 -0.181703884123 1.467584882496
0.000000000000 0.000000000000 0.000000000000 1.000000000000
2 40 60
1.000000000000 0.000000000000 0.000000000000 0.000000000000
0.000000000000 1.000000000000 0.000000000000 0.000000000000
0.000000000000 0.000000000000 1.000000000000 0.000000000000
0.000000000000 0.000000000000 0.000000000000 1.000000000000
2 41 60
1.000000000000 0.000000000000 0.000000000000 0.000000000000
0.000000000000 1.000000000000 0.000000000000 0.000000000000
0.000000000000 0.000000000000 1.000000000000 0.000000000000
0.000000000000 0.000000000000 0.000000000000 1.000000000000
2 42 60
1.000000000000 0.000000000000 0.000000000000 0.000000000000
0.000000000000 1.000000000000 0.000000000000 0.000000000000
0.000000000000 0.000000000000 1.000000000000 0.000000000000
0.000000000000 0.000000000000 0.000000000000 1.000000000000
2 43 60
1.000000000000 0.000000000000 0.000000000000 0.000000000000
0.000000000000 1.000000000000 0.000000000000 0.000000000000
0.000000000000 0.000000000000 1.000000000000 0.000000000000
0.000000000000 0.000000000000 0.000000000000 1.000000000000
2 44 60
1.000000000000 0.000000000000 0.000000000000 0.000000000000
0.000000000000 1.000000000000 0.000000000000 0.000000000000
0.000000000000 0.000000000000 1.000000000000 0.000000000000
0.000000000000 0.000000000000 0.000000000000 1.000000000000
2 45 60
-0.657890135033 0.402445295747 0.636567635179 -1.200133871951
0.591266869652 0.799532664040 0.105598333251 -0.469456253260
-0.466459064740 0.445853454696 -0.763957222531 3.844352160566
0.000000000000 0.000000000000 0.000000000000 1.000000000000
2 46 60
1.000000000000 0.000000000000 0.000000000000 0.000000000000
